,Time,State,Confirmed,Recovered,Deaths,Active,New Cases
0,2021-04-22 22:52:22,Chandigarh,36404,31704,427,4273,
1,2021-04-23 20:33:03,Chandigarh,37232,32180,430,4622,828.0
2,2021-04-24 22:31:20,Chandigarh,37943,32608,433,4902,711.0
3,2021-04-25 20:31:39,Chandigarh,38692,33021,435,5236,749.0
4,2021-04-26 19:40:57,Chandigarh,39513,33498,440,5575,821.0
5,2021-04-27 19:41:24,Chandigarh,40350,33924,446,5980,837.0
6,2021-04-28 21:18:33,Chandigarh,41122,34359,457,6306,772.0
7,2021-04-29 19:31:12,Chandigarh,41923,34806,465,6652,801.0
8,2021-04-30 19:29:59,Chandigarh,42647,35263,478,6906,724.0
9,2021-05-01 21:12:03,Chandigarh,43446,35735,489,7222,799.0
10,2021-05-02 20:09:57,Chandigarh,44306,36218,496,7592,860.0
11,2021-05-03 19:32:32,Chandigarh,45196,36746,507,7943,890.0
12,2021-05-04 19:30:43,Chandigarh,45976,37288,518,8170,780.0
13,2021-05-05 22:25:39,Chandigarh,46793,37898,532,8363,817.0
14,2021-05-06 22:26:06,Chandigarh,47552,38591,541,8420,759.0
15,2021-05-07 19:44:30,Chandigarh,48442,39388,549,8505,890.0
16,2021-05-08 20:59:50,Chandigarh,48442,40249,1428,6765,0.0
17,2021-05-08 21:28:30,Chandigarh,49312,40249,558,8505,870.0
18,2021-05-09 23:13:25,Chandigarh,50207,41128,568,8511,895.0
19,2021-05-10 19:30:40,Chandigarh,51070,41842,575,8653,863.0
20,2021-05-12 10:41:52,Chandigarh,51857,42647,585,8625,787.0
21,2021-05-12 21:45:12,Chandigarh,52633,43506,599,8528,776.0
22,2021-05-13 21:44:33,Chandigarh,53393,44343,609,8441,760.0
23,2021-05-14 20:25:53,Chandigarh,54043,45266,619,8158,650.0
24,2021-05-15 19:44:22,Chandigarh,54703,46229,627,7847,660.0
25,2021-05-16 20:46:53,Chandigarh,55367,47088,635,7644,664.0
26,2021-05-17 20:17:15,Chandigarh,55987,47964,641,7382,620.0
27,2021-05-18 19:36:21,Chandigarh,56513,48831,647,7035,526.0
28,2021-05-19 20:45:53,Chandigarh,56927,49701,656,6570,414.0
29,2021-05-23 14:43:17,Chandigarh,58129,52172,692,5265,1202.0
30,2021-05-23 20:43:28,Chandigarh,58489,52913,702,4874,360.0
31,2021-05-24 19:49:42,Chandigarh,58734,53597,709,4428,245.0
32,2021-05-25 19:56:53,Chandigarh,58992,54215,714,4063,258.0
33,2021-05-26 21:46:42,Chandigarh,59216,54921,722,3573,224.0
34,2021-05-27 20:48:19,Chandigarh,59416,55558,729,3129,200.0
35,2021-05-28 20:42:30,Chandigarh,59577,56084,735,2758,161.0
36,2021-05-29 20:57:23,Chandigarh,59740,56534,740,2466,163.0
37,2021-05-30 20:15:21,Chandigarh,59922,57043,745,2134,182.0
38,2021-05-31 20:55:13,Chandigarh,60046,57526,753,1767,124.0
39,2021-06-01 19:37:42,Chandigarh,60154,57915,758,1481,108.0
40,2021-06-02 20:42:31,Chandigarh,60288,58276,761,1251,134.0
41,2021-06-03 20:21:14,Chandigarh,60399,58502,762,1135,111.0
42,2021-06-04 21:20:02,Chandigarh,60487,58717,765,1005,88.0
43,2021-06-05 20:08:54,Chandigarh,60585,58892,768,925,98.0
44,2021-06-06 20:14:30,Chandigarh,60659,59054,772,833,74.0
45,2021-06-08 00:06:02,Chandigarh,60707,59193,774,740,48.0
46,2021-06-08 20:10:29,Chandigarh,60778,59314,779,685,71.0
47,2021-06-09 20:43:23,Chandigarh,60862,59432,781,649,84.0
48,2021-06-10 19:26:20,Chandigarh,60928,59564,783,581,66.0
49,2021-06-11 21:04:13,Chandigarh,60998,59648,786,564,70.0
50,2021-06-12 19:50:41,Chandigarh,61056,59727,789,540,58.0
51,2021-06-13 19:34:30,Chandigarh,61110,59798,792,520,54.0
52,2021-06-14 19:52:05,Chandigarh,61160,59859,794,507,50.0
53,2021-06-15 20:42:58,Chandigarh,61200,59917,797,486,40.0
54,2021-06-16 20:38:10,Chandigarh,61241,59980,799,462,41.0
55,2021-06-18 08:09:17,Chandigarh,61273,60076,802,395,32.0
56,2021-06-18 19:54:40,Chandigarh,61312,60123,804,385,39.0
57,2021-06-18 20:05:24,Chandigarh,61358,60123,804,431,46.0
58,2021-06-19 21:06:50,Chandigarh,61403,60201,806,396,45.0
59,2021-06-20 19:56:32,Chandigarh,61430,60271,806,353,27.0
60,2021-06-20 22:45:07,Chandigarh,61403,60201,806,396,-27.0
61,2021-06-20 23:01:17,Chandigarh,61430,60271,806,353,27.0
62,2021-06-21 20:01:35,Chandigarh,61444,60327,806,311,14.0
63,2021-06-22 19:35:32,Chandigarh,61467,60383,806,278,23.0
64,2021-06-23 20:01:43,Chandigarh,61510,60446,807,257,43.0
65,2021-06-23 20:11:14,Chandigarh,61520,60446,807,267,10.0
66,2021-06-24 21:19:40,Chandigarh,61542,60488,807,247,22.0
67,2021-06-25 20:39:36,Chandigarh,61581,60533,807,241,39.0
68,2021-06-26 20:14:55,Chandigarh,61604,60577,807,220,23.0
69,2021-06-27 19:39:29,Chandigarh,61624,60614,807,203,20.0
70,2021-06-28 19:49:39,Chandigarh,61632,60644,807,181,8.0
71,2021-06-29 19:56:39,Chandigarh,61656,60685,808,163,24.0
72,2021-06-30 19:40:18,Chandigarh,61670,60708,808,154,14.0
73,2021-07-01 20:29:47,Chandigarh,61687,60730,808,149,17.0
74,2021-07-02 19:50:40,Chandigarh,61700,60745,808,147,13.0
75,2021-07-03 20:34:40,Chandigarh,61718,60761,808,149,18.0
76,2021-07-04 23:36:48,Chandigarh,61728,60777,808,143,10.0
77,2021-07-05 18:44:46,Chandigarh,61740,60815,809,116,12.0
78,2021-07-06 20:12:19,Chandigarh,61752,60837,809,106,12.0
79,2021-07-07 20:06:24,Chandigarh,61780,60872,809,99,28.0
80,2021-07-08 11:37:28,Chandigarh,61752,60837,809,106,-28.0
81,2021-07-08 11:50:47,Chandigarh,61780,60872,809,99,28.0
82,2021-07-08 19:55:24,Chandigarh,61794,60885,809,100,14.0
83,2021-07-09 20:32:24,Chandigarh,61811,60901,809,101,17.0
84,2021-07-11 10:34:16,Chandigarh,61823,60914,809,100,12.0
85,2021-07-11 19:24:59,Chandigarh,61831,60926,809,96,8.0
86,2021-07-12 19:01:35,Chandigarh,61841,60939,809,93,10.0
87,2021-07-13 19:43:30,Chandigarh,61844,60958,809,77,3.0
88,2021-07-14 20:03:42,Chandigarh,61851,60970,809,72,7.0
89,2021-07-15 21:22:05,Chandigarh,61856,60980,809,67,5.0
90,2021-07-16 21:10:25,Chandigarh,61862,60995,809,58,6.0
91,2021-07-17 20:56:21,Chandigarh,61870,61008,809,53,8.0
92,2021-07-18 21:43:25,Chandigarh,61889,61030,809,50,19.0
93,2021-07-19 19:43:09,Chandigarh,61893,61038,809,46,4.0
94,2021-07-20 19:32:44,Chandigarh,61907,61056,809,42,14.0
95,2021-07-21 19:52:19,Chandigarh,61914,61064,809,41,7.0
96,2021-07-22 20:01:02,Chandigarh,61916,61073,809,34,2.0
97,2021-07-23 19:34:55,Chandigarh,61917,61075,809,33,1.0
98,2021-07-24 20:07:41,Chandigarh,61922,61081,809,32,5.0
99,2021-07-25 15:09:09,Chandigarh,61927,61085,809,33,5.0
100,2021-07-26 19:40:26,Chandigarh,61931,61086,809,36,4.0
101,2021-07-27 19:32:14,Chandigarh,61938,61092,809,37,7.0
102,2021-07-28 21:46:26,Chandigarh,61943,61098,809,36,5.0
103,2021-07-29 20:43:01,Chandigarh,61948,61102,809,37,5.0
104,2021-07-30 19:58:16,Chandigarh,61952,61106,810,36,4.0
105,2021-07-31 21:39:49,Chandigarh,61953,61111,811,31,1.0
106,2021-08-01 20:40:24,Chandigarh,61954,61113,811,30,1.0
107,2021-08-02 19:49:26,Chandigarh,61960,61116,811,33,6.0
108,2021-08-03 20:04:35,Chandigarh,61965,61120,811,34,5.0
109,2021-08-04 22:32:06,Chandigarh,61965,61123,811,31,0.0
110,2021-08-05 19:44:08,Chandigarh,61966,61127,811,28,1.0
111,2021-08-06 19:58:24,Chandigarh,61970,61132,811,27,4.0
112,2021-08-07 19:42:28,Chandigarh,61974,61137,811,26,4.0
113,2021-08-08 20:13:09,Chandigarh,61978,61142,811,25,4.0
114,2021-08-09 20:56:27,Chandigarh,61984,61146,811,27,6.0
115,2021-08-10 20:15:41,Chandigarh,61992,61150,811,31,8.0
116,2021-08-11 19:51:21,Chandigarh,61997,61151,811,35,5.0
117,2021-08-12 20:24:44,Chandigarh,62009,61161,811,37,12.0
118,2021-08-14 16:15:34,Chandigarh,62024,61171,811,42,15.0
119,2021-08-14 19:18:13,Chandigarh,62028,61173,811,44,4.0
120,2021-08-15 20:44:59,Chandigarh,62029,61174,811,44,1.0
121,2021-08-16 20:05:32,Chandigarh,62031,61177,811,43,2.0
122,2021-08-17 21:27:06,Chandigarh,62035,61182,811,42,4.0
123,2021-08-18 20:18:41,Chandigarh,62041,61186,811,44,6.0
124,2021-08-19 20:03:10,Chandigarh,62047,61192,811,44,6.0
125,2021-08-20 09:36:18,Chandigarh,62051,61196,811,44,4.0
126,2021-08-20 20:18:22,Chandigarh,62056,61201,812,43,5.0
127,2021-08-21 19:32:27,Chandigarh,62062,61206,812,44,6.0
128,2021-08-22 20:14:42,Chandigarh,62066,61213,812,41,4.0
129,2021-08-22 22:48:12,Chandigarh,65066,64213,812,41,3000.0
130,2021-08-23 20:02:16,Chandigarh,65068,64220,812,36,2.0
131,2021-08-24 20:04:03,Chandigarh,65069,64222,812,35,1.0
132,2021-08-25 20:02:45,Chandigarh,65071,64223,812,36,2.0
133,2021-08-26 20:34:33,Chandigarh,65077,64226,812,39,6.0
