,Time,State,Confirmed,Recovered,Deaths,Active,New Cases
0,2021-04-22 22:52:14,Tripura,34259,33242,391,603,
1,2021-04-23 12:47:58,Tripura,34299,33288,391,597,40.0
2,2021-04-24 12:36:41,Tripura,34426,33333,391,679,127.0
3,2021-04-25 12:46:03,Tripura,34526,33351,391,761,100.0
4,2021-04-26 12:49:09,Tripura,34624,33413,391,797,98.0
5,2021-04-27 12:46:41,Tripura,34735,33457,391,864,111.0
6,2021-04-28 14:42:03,Tripura,34859,33492,393,951,124.0
7,2021-04-29 17:30:43,Tripura,35025,33505,393,1104,166.0
8,2021-04-30 13:12:06,Tripura,35166,33555,393,1195,141.0
9,2021-05-01 13:12:32,Tripura,35339,33622,395,1299,173.0
10,2021-05-02 19:44:11,Tripura,35586,33663,395,1505,247.0
11,2021-05-03 12:47:13,Tripura,35720,33725,396,1576,134.0
12,2021-05-04 13:10:55,Tripura,35991,33812,397,1759,271.0
13,2021-05-05 13:12:04,Tripura,36231,33871,397,1940,240.0
14,2021-05-06 12:45:49,Tripura,36531,33946,400,2162,300.0
15,2021-05-07 14:14:02,Tripura,36846,34095,401,2327,315.0
16,2021-05-08 17:29:03,Tripura,37205,34212,402,2568,359.0
17,2021-05-09 14:13:48,Tripura,37556,34344,403,2786,351.0
18,2021-05-10 13:15:35,Tripura,37689,34474,407,2785,133.0
19,2021-05-11 13:48:53,Tripura,38155,34624,410,3098,466.0
20,2021-05-12 14:14:44,Tripura,38571,34761,419,3368,416.0
21,2021-05-13 12:54:49,Tripura,39051,34888,421,3719,480.0
22,2021-05-14 19:40:47,Tripura,39603,35088,423,4069,552.0
23,2021-05-15 12:47:22,Tripura,40052,35338,426,4265,449.0
24,2021-05-16 21:13:44,Tripura,40813,35464,428,4898,761.0
25,2021-05-17 13:17:41,Tripura,41148,35756,438,4931,335.0
26,2021-05-18 12:19:08,Tripura,41894,36025,442,5404,746.0
27,2021-05-19 12:50:39,Tripura,42773,36342,447,5961,879.0
28,2021-05-23 14:42:58,Tripura,46096,37565,460,8048,3323.0
29,2021-05-24 14:01:47,Tripura,46522,38039,462,7998,426.0
30,2021-05-25 12:47:47,Tripura,47295,38466,467,8339,773.0
31,2021-05-26 13:51:37,Tripura,47962,39431,470,8038,667.0
32,2021-05-27 13:01:40,Tripura,48504,40497,476,7508,542.0
33,2021-05-28 14:05:59,Tripura,49287,41530,482,7252,783.0
34,2021-05-29 14:17:21,Tripura,49882,42408,495,6956,595.0
35,2021-05-30 14:04:55,Tripura,50736,43130,504,7079,854.0
36,2021-05-31 13:17:59,Tripura,51130,44003,510,6594,394.0
37,2021-06-01 12:42:54,Tripura,51971,44848,516,6584,841.0
38,2021-06-02 12:42:17,Tripura,52542,45712,522,6285,571.0
39,2021-06-03 13:02:56,Tripura,53219,46170,531,6495,677.0
40,2021-06-04 16:36:22,Tripura,53869,46933,536,6377,650.0
41,2021-06-05 13:49:20,Tripura,54577,47603,547,6404,708.0
42,2021-06-06 16:06:36,Tripura,55231,48135,555,6518,654.0
43,2021-06-07 13:24:34,Tripura,55466,48924,561,5958,235.0
44,2021-06-08 12:46:43,Tripura,56166,49519,569,6055,700.0
45,2021-06-09 12:32:12,Tripura,56791,50380,574,5814,625.0
46,2021-06-10 12:34:51,Tripura,57449,50743,588,6095,658.0
47,2021-06-11 12:56:16,Tripura,58090,51593,593,5881,641.0
48,2021-06-12 13:01:39,Tripura,58518,52158,601,5736,428.0
49,2021-06-13 13:21:44,Tripura,59083,52861,610,5589,565.0
50,2021-06-14 12:18:44,Tripura,59318,53471,617,5207,235.0
51,2021-06-15 12:23:15,Tripura,59846,54214,621,4988,528.0
52,2021-06-16 12:43:23,Tripura,60382,54810,626,4923,536.0
53,2021-06-17 12:31:10,Tripura,60869,55056,631,5159,487.0
54,2021-06-18 12:35:39,Tripura,61336,55769,634,4910,467.0
55,2021-06-19 12:35:16,Tripura,61779,56364,639,4753,443.0
56,2021-06-20 12:19:55,Tripura,62146,57025,643,4455,367.0
57,2021-06-20 22:44:56,Tripura,61779,56364,639,4753,-367.0
58,2021-06-20 23:01:07,Tripura,62146,57025,643,4455,367.0
59,2021-06-21 12:50:56,Tripura,62321,57671,647,3980,175.0
60,2021-06-22 12:39:11,Tripura,62742,58120,651,3948,421.0
61,2021-06-23 16:41:07,Tripura,63137,58674,655,3785,395.0
62,2021-06-24 15:40:47,Tripura,63496,58917,657,3899,359.0
63,2021-06-25 12:57:38,Tripura,63865,59316,659,3867,369.0
64,2021-06-26 17:20:54,Tripura,64156,59706,662,3765,291.0
65,2021-06-27 19:22:19,Tripura,64641,60165,665,3788,485.0
66,2021-06-28 12:24:32,Tripura,64860,60631,669,3537,219.0
67,2021-06-29 12:35:20,Tripura,65336,61070,672,3571,476.0
68,2021-06-30 13:05:25,Tripura,65767,61450,674,3620,431.0
69,2021-07-01 12:28:46,Tripura,66217,61600,679,3915,450.0
70,2021-07-02 22:14:56,Tripura,66626,62067,680,3856,409.0
71,2021-07-03 20:34:19,Tripura,67020,62417,682,3898,394.0
72,2021-07-04 23:36:33,Tripura,67448,62780,685,3960,428.0
73,2021-07-05 18:32:28,Tripura,67674,63146,689,3816,226.0
74,2021-07-06 08:33:08,Tripura,67674,63146,689,3776,0.0
75,2021-07-06 12:56:58,Tripura,68148,63429,694,3962,474.0
76,2021-07-07 12:18:38,Tripura,68609,63901,698,3947,461.0
77,2021-07-08 11:37:19,Tripura,68148,63429,694,3962,-461.0
78,2021-07-08 11:50:36,Tripura,68609,63901,698,3947,461.0
79,2021-07-08 12:19:31,Tripura,69016,64131,700,4122,407.0
80,2021-07-09 17:42:56,Tripura,69547,64603,706,4175,531.0
81,2021-07-10 19:09:36,Tripura,69958,65032,709,4154,411.0
82,2021-07-11 17:50:04,Tripura,70476,65473,709,4231,518.0
83,2021-07-12 16:48:38,Tripura,70746,65871,712,4100,270.0
84,2021-07-13 17:05:35,Tripura,71312,66290,714,4245,566.0
85,2021-07-14 19:08:15,Tripura,71870,66708,715,4384,558.0
86,2021-07-15 19:04:27,Tripura,72362,66957,718,4624,492.0
87,2021-07-16 21:10:08,Tripura,72857,67392,719,4683,495.0
88,2021-07-17 20:18:03,Tripura,73287,67865,720,4639,430.0
89,2021-07-18 18:33:57,Tripura,73612,68281,722,4546,325.0
90,2021-07-19 19:05:22,Tripura,73898,68796,725,4314,286.0
91,2021-07-20 18:57:32,Tripura,74386,69206,726,4391,488.0
92,2021-07-21 19:33:37,Tripura,74843,69707,728,4345,457.0
93,2021-07-22 19:50:23,Tripura,75096,69966,729,4338,253.0
94,2021-07-23 20:12:29,Tripura,75605,70560,731,4251,509.0
95,2021-07-24 12:14:22,Tripura,75904,71103,735,4003,299.0
96,2021-07-25 18:26:16,Tripura,76312,71579,736,3934,408.0
97,2021-07-26 18:31:33,Tripura,76536,72069,741,3663,224.0
98,2021-07-27 19:03:05,Tripura,76994,72503,744,3684,458.0
99,2021-07-28 20:01:05,Tripura,77409,72847,745,3754,415.0
100,2021-07-29 20:03:59,Tripura,77785,73114,747,3861,376.0
101,2021-07-30 19:49:39,Tripura,78056,73602,751,3640,271.0
102,2021-07-31 20:01:35,Tripura,78358,74059,752,3484,302.0
103,2021-08-01 19:28:59,Tripura,78580,74283,752,3482,222.0
104,2021-08-02 19:08:44,Tripura,78719,74812,752,3092,139.0
105,2021-08-03 19:04:16,Tripura,79023,75104,752,3104,304.0
106,2021-08-04 19:47:16,Tripura,79285,75506,754,2962,262.0
107,2021-08-05 18:17:18,Tripura,79529,75754,758,2954,244.0
108,2021-08-06 18:29:57,Tripura,79774,76186,759,2766,245.0
109,2021-08-07 19:06:01,Tripura,79945,76604,763,2515,171.0
110,2021-08-08 19:27:50,Tripura,80131,76993,764,2311,186.0
111,2021-08-09 18:37:00,Tripura,80208,77230,767,2148,77.0
112,2021-08-10 19:39:40,Tripura,80413,77538,768,2044,205.0
113,2021-08-11 19:22:15,Tripura,80657,77748,770,2076,244.0
114,2021-08-12 19:14:51,Tripura,80797,77901,770,2063,140.0
115,2021-08-14 16:15:26,Tripura,80977,78189,772,1953,180.0
116,2021-08-14 19:18:07,Tripura,81114,78453,773,1825,137.0
117,2021-08-15 20:44:53,Tripura,81256,78706,777,1710,142.0
118,2021-08-16 19:16:01,Tripura,81308,78929,778,1538,52.0
119,2021-08-17 21:26:58,Tripura,81440,79101,779,1497,132.0
120,2021-08-18 20:18:35,Tripura,81581,79303,779,1436,141.0
121,2021-08-19 19:32:19,Tripura,81734,79387,781,1503,153.0
122,2021-08-20 21:04:53,Tripura,81823,79571,782,1407,89.0
123,2021-08-21 18:28:22,Tripura,81938,79808,782,1285,115.0
124,2021-08-22 14:00:03,Tripura,82047,79953,782,1249,109.0
125,2021-08-23 17:00:40,Tripura,82092,80150,784,1095,45.0
126,2021-08-24 19:20:39,Tripura,82257,80272,787,1135,165.0
127,2021-08-25 16:59:09,Tripura,82381,80417,788,1113,124.0
128,2021-08-26 17:00:51,Tripura,82495,80478,790,1164,114.0
129,2021-08-27 19:20:37,Tripura,82597,80592,792,1150,102.0
130,2021-08-28 12:50:01,Tripura,82671,80725,793,1090,74.0
131,2021-08-29 19:19:06,Tripura,82772,80887,794,1028,101.0
132,2021-08-30 17:14:15,Tripura,82809,80960,795,991,37.0
133,2021-08-31 17:14:51,Tripura,82859,81069,797,930,50.0
134,2021-09-01 16:34:11,Tripura,82958,81181,797,917,99.0
135,2021-09-02 20:39:17,Tripura,83062,81221,799,979,104.0
136,2021-09-03 13:34:20,Tripura,83124,81383,800,878,62.0
137,2021-09-04 16:24:26,Tripura,83194,81505,800,826,70.0
138,2021-09-05 21:11:24,Tripura,83281,81626,800,792,87.0
139,2021-09-06 14:56:43,Tripura,83302,81723,800,716,21.0
140,2021-09-07 20:55:53,Tripura,83357,81803,800,691,55.0
141,2021-09-08 21:18:41,Tripura,83411,81901,800,647,54.0
142,2021-09-09 16:05:29,Tripura,83475,81936,800,676,64.0
