,Time,State,Confirmed,Recovered,Deaths,Active,New Cases
0,2021-04-22 22:52:58,Lakshadweep,1526,828,1,692,
1,2021-04-23 08:32:10,Lakshadweep,1671,862,1,803,145.0
2,2021-04-23 20:33:22,Lakshadweep,1805,879,1,920,134.0
3,2021-04-24 21:41:42,Lakshadweep,1962,912,1,1044,157.0
4,2021-04-25 19:41:52,Lakshadweep,2126,941,1,1178,164.0
5,2021-04-26 19:41:14,Lakshadweep,2247,1060,1,1179,121.0
6,2021-04-27 20:13:04,Lakshadweep,2401,1191,1,1202,154.0
7,2021-04-28 21:18:48,Lakshadweep,2504,1329,1,1167,103.0
8,2021-04-29 21:15:17,Lakshadweep,2662,1374,4,1276,158.0
9,2021-04-30 20:10:59,Lakshadweep,2767,1430,4,1324,105.0
10,2021-05-01 22:25:50,Lakshadweep,2923,1471,4,1438,156.0
11,2021-05-02 21:42:14,Lakshadweep,3010,1746,4,1247,87.0
12,2021-05-03 20:33:29,Lakshadweep,3096,1872,4,1207,86.0
13,2021-05-03 20:43:15,Lakshadweep,3096,1872,6,1205,0.0
14,2021-05-03 21:15:09,Lakshadweep,3080,1855,6,1206,-16.0
15,2021-05-04 20:36:26,Lakshadweep,3249,2065,6,1165,169.0
16,2021-05-05 22:25:58,Lakshadweep,3376,2225,7,1129,127.0
17,2021-05-07 10:34:22,Lakshadweep,3528,2359,8,1146,152.0
18,2021-05-07 20:31:45,Lakshadweep,3629,2477,9,1127,101.0
19,2021-05-08 19:28:41,Lakshadweep,3756,2692,9,1039,127.0
20,2021-05-09 23:13:46,Lakshadweep,3881,2840,9,1016,125.0
21,2021-05-10 19:43:53,Lakshadweep,3982,2964,10,992,101.0
22,2021-05-12 10:42:24,Lakshadweep,4087,3068,10,993,105.0
23,2021-05-13 10:16:51,Lakshadweep,4202,3155,11,1020,115.0
24,2021-05-13 21:44:50,Lakshadweep,4395,3272,13,1092,193.0
25,2021-05-14 22:30:07,Lakshadweep,4568,3374,13,1163,173.0
26,2021-05-15 20:11:23,Lakshadweep,4650,3469,13,1150,82.0
27,2021-05-16 23:23:14,Lakshadweep,4767,3615,14,1120,117.0
28,2021-05-17 20:34:53,Lakshadweep,4986,3744,14,1208,219.0
29,2021-05-18 22:29:44,Lakshadweep,5212,3895,15,1282,226.0
30,2021-05-19 22:31:50,Lakshadweep,5466,3954,18,1474,254.0
31,2021-05-23 14:44:52,Lakshadweep,6418,4371,24,2000,952.0
32,2021-05-23 20:44:28,Lakshadweep,6611,4512,24,2050,193.0
33,2021-05-24 21:48:27,Lakshadweep,6847,4636,24,2162,236.0
34,2021-05-25 21:29:11,Lakshadweep,7111,4740,26,2320,264.0
35,2021-05-26 21:47:14,Lakshadweep,7229,4930,26,2247,118.0
36,2021-05-27 21:31:08,Lakshadweep,7364,5110,28,2200,135.0
37,2021-05-28 22:03:47,Lakshadweep,7542,5378,29,2109,178.0
38,2021-05-29 20:57:50,Lakshadweep,7631,5596,31,1978,89.0
39,2021-05-30 20:15:42,Lakshadweep,7928,5733,32,2137,297.0
40,2021-06-01 00:14:26,Lakshadweep,8077,6216,33,1802,149.0
41,2021-06-01 21:45:40,Lakshadweep,8166,6538,33,1567,89.0
42,2021-06-02 20:42:56,Lakshadweep,8335,6804,35,1467,169.0
43,2021-06-03 21:54:26,Lakshadweep,8479,7060,35,1355,144.0
44,2021-06-04 23:32:11,Lakshadweep,8568,7294,36,1209,89.0
45,2021-06-05 23:41:53,Lakshadweep,8667,7437,38,1160,99.0
46,2021-06-06 20:14:52,Lakshadweep,8737,7662,38,1005,70.0
47,2021-06-08 00:06:24,Lakshadweep,8775,7857,41,845,38.0
48,2021-06-09 08:24:08,Lakshadweep,8874,7910,42,890,99.0
49,2021-06-09 21:32:40,Lakshadweep,9002,8141,42,787,128.0
50,2021-06-10 20:59:14,Lakshadweep,9073,8278,42,721,71.0
51,2021-06-11 21:22:12,Lakshadweep,9122,8382,43,665,49.0
52,2021-06-12 22:48:30,Lakshadweep,9175,8483,43,615,53.0
53,2021-06-13 22:48:44,Lakshadweep,9209,8555,44,576,34.0
54,2021-06-15 08:09:22,Lakshadweep,9236,8637,44,520,27.0
55,2021-06-15 21:04:46,Lakshadweep,9297,8733,45,484,61.0
56,2021-06-17 08:36:00,Lakshadweep,9339,8812,45,447,42.0
57,2021-06-18 08:09:59,Lakshadweep,9377,8898,45,399,38.0
58,2021-06-18 21:32:39,Lakshadweep,9392,8964,45,347,15.0
59,2021-06-19 20:57:21,Lakshadweep,9430,9003,46,345,38.0
60,2021-06-20 19:56:54,Lakshadweep,9443,9042,46,319,13.0
61,2021-06-20 22:45:49,Lakshadweep,9430,9003,46,345,-13.0
62,2021-06-20 23:01:58,Lakshadweep,9443,9042,46,319,13.0
63,2021-06-21 20:17:55,Lakshadweep,9471,9069,46,319,28.0
64,2021-06-22 21:37:23,Lakshadweep,9504,9103,47,315,33.0
65,2021-06-23 21:23:05,Lakshadweep,9559,9132,47,341,55.0
66,2021-06-23 21:31:04,Lakshadweep,9559,9134,47,340,0.0
67,2021-06-24 21:30:57,Lakshadweep,9601,9194,47,322,42.0
68,2021-06-25 21:24:05,Lakshadweep,9632,9233,48,313,31.0
69,2021-06-26 20:30:59,Lakshadweep,9659,9275,48,298,27.0
70,2021-06-27 22:30:00,Lakshadweep,9687,9299,48,302,28.0
71,2021-06-28 21:25:56,Lakshadweep,9721,9333,48,301,34.0
72,2021-06-28 21:35:22,Lakshadweep,9715,9333,48,295,-6.0
73,2021-06-29 21:39:50,Lakshadweep,9742,9349,48,306,27.0
74,2021-06-30 22:25:56,Lakshadweep,9770,9372,48,311,28.0
75,2021-07-01 20:30:11,Lakshadweep,9808,9427,49,293,38.0
76,2021-07-02 19:51:02,Lakshadweep,9843,9475,49,280,35.0
77,2021-07-04 10:48:53,Lakshadweep,9861,9518,49,255,18.0
78,2021-07-05 12:06:43,Lakshadweep,9900,9538,49,274,39.0
79,2021-07-06 08:33:45,Lakshadweep,9936,9570,49,278,36.0
80,2021-07-06 20:57:18,Lakshadweep,9947,9604,49,255,11.0
81,2021-07-07 20:42:23,Lakshadweep,9965,9631,49,246,18.0
82,2021-07-08 11:35:13,Lakshadweep,9947,9604,49,255,-18.0
83,2021-07-08 11:48:29,Lakshadweep,9965,9631,49,246,18.0
84,2021-07-08 20:57:01,Lakshadweep,9980,9656,49,236,15.0
85,2021-07-09 20:33:14,Lakshadweep,10002,9690,49,224,22.0
86,2021-07-10 22:43:03,Lakshadweep,10011,9712,49,211,9.0
87,2021-07-11 20:24:26,Lakshadweep,10013,9764,49,161,2.0
88,2021-07-12 21:13:49,Lakshadweep,10020,9812,49,120,7.0
89,2021-07-13 21:07:41,Lakshadweep,10031,9833,49,109,11.0
90,2021-07-14 21:02:47,Lakshadweep,10036,9851,49,96,5.0
91,2021-07-15 22:17:40,Lakshadweep,10043,9865,49,89,7.0
92,2021-07-16 21:36:19,Lakshadweep,10053,9885,49,79,10.0
93,2021-07-17 21:14:11,Lakshadweep,10061,9899,49,73,8.0
94,2021-07-18 20:55:43,Lakshadweep,10064,9907,49,68,3.0
95,2021-07-19 21:03:26,Lakshadweep,10076,9915,49,72,12.0
96,2021-07-20 20:44:59,Lakshadweep,10092,9929,49,74,16.0
97,2021-07-21 20:24:52,Lakshadweep,10093,9933,49,71,1.0
98,2021-07-22 21:00:34,Lakshadweep,10100,9944,49,67,7.0
99,2021-07-23 20:54:27,Lakshadweep,10110,9951,49,70,10.0
100,2021-07-25 10:41:24,Lakshadweep,10127,9957,49,81,17.0
101,2021-07-25 15:20:22,Lakshadweep,10129,9964,49,76,2.0
102,2021-07-26 21:03:06,Lakshadweep,10141,9970,49,82,12.0
103,2021-07-28 09:04:24,Lakshadweep,10149,9978,49,82,8.0
104,2021-07-28 22:46:41,Lakshadweep,10155,9989,50,76,6.0
105,2021-07-29 20:59:35,Lakshadweep,10162,10002,50,70,7.0
106,2021-07-30 21:09:34,Lakshadweep,10178,10011,50,77,16.0
107,2021-07-31 22:41:19,Lakshadweep,10189,10015,50,84,11.0
108,2021-08-01 20:51:26,Lakshadweep,10195,10030,50,75,6.0
109,2021-08-02 20:15:26,Lakshadweep,10207,10038,50,79,12.0
110,2021-08-03 21:18:32,Lakshadweep,10226,10046,50,90,19.0
111,2021-08-05 08:43:33,Lakshadweep,10231,10060,50,81,5.0
112,2021-08-06 09:16:19,Lakshadweep,10235,10069,50,76,4.0
113,2021-08-06 21:09:30,Lakshadweep,10243,10085,50,68,8.0
114,2021-08-07 20:23:42,Lakshadweep,10247,10093,50,64,4.0
115,2021-08-08 20:12:00,Lakshadweep,10249,10105,50,54,2.0
116,2021-08-09 20:56:55,Lakshadweep,10257,10112,51,54,8.0
117,2021-08-10 20:06:45,Lakshadweep,10263,10125,51,47,6.0
118,2021-08-11 20:52:20,Lakshadweep,10266,10135,51,40,3.0
119,2021-08-12 08:31:03,Lakshadweep,10268,10135,51,42,2.0
120,2021-08-14 16:16:09,Lakshadweep,10278,10148,51,39,10.0
121,2021-08-14 20:33:12,Lakshadweep,10285,10153,51,41,7.0
122,2021-08-15 21:04:02,Lakshadweep,10288,10158,51,39,3.0
123,2021-08-16 21:07:21,Lakshadweep,10294,10164,51,39,6.0
124,2021-08-18 10:25:53,Lakshadweep,10295,10170,51,34,1.0
125,2021-08-18 21:41:04,Lakshadweep,10299,10172,51,36,4.0
126,2021-08-19 21:26:06,Lakshadweep,10301,10175,51,35,2.0
127,2021-08-20 21:03:40,Lakshadweep,10306,10182,51,33,5.0
128,2021-08-21 21:25:37,Lakshadweep,10308,10191,51,26,2.0
129,2021-08-22 23:20:32,Lakshadweep,10309,10194,51,23,1.0
130,2021-08-23 21:02:37,Lakshadweep,10317,10197,51,28,8.0
131,2021-08-25 11:15:12,Lakshadweep,10318,10198,51,28,1.0
132,2021-08-25 22:51:54,Lakshadweep,10327,10202,51,33,9.0
133,2021-08-26 22:52:34,Lakshadweep,10328,10204,51,32,1.0
134,2021-08-27 23:23:25,Lakshadweep,10334,10209,51,33,6.0
135,2021-08-29 00:58:26,Lakshadweep,10336,10215,51,29,2.0
136,2021-08-30 14:06:35,Lakshadweep,10338,10215,51,30,2.0
137,2021-08-30 19:20:31,Lakshadweep,10345,10220,51,32,7.0
138,2021-08-31 19:20:38,Lakshadweep,10347,10223,51,31,2.0
139,2021-09-01 20:19:17,Lakshadweep,10347,10228,51,26,0.0
140,2021-09-03 10:31:15,Lakshadweep,10348,10230,51,25,1.0
141,2021-09-03 20:01:28,Lakshadweep,10348,10233,51,22,0.0
142,2021-09-05 11:23:03,Lakshadweep,10348,10242,51,13,0.0
143,2021-09-05 21:11:50,Lakshadweep,10348,10243,51,12,0.0
144,2021-09-07 11:50:36,Lakshadweep,10348,10245,51,9,0.0
145,2021-09-07 20:56:36,Lakshadweep,10348,10250,51,4,0.0
146,2021-09-08 21:37:02,Lakshadweep,10349,10253,51,2,1.0
147,2021-09-10 14:00:25,Lakshadweep,10350,10254,51,2,1.0
148,2021-09-12 23:44:57,Lakshadweep,10351,10254,51,3,1.0
149,2021-09-13 22:10:29,Lakshadweep,10353,10254,51,5,2.0
150,2021-09-13 23:01:45,Lakshadweep,10351,10254,51,3,-2.0
151,2021-09-14 08:48:40,Lakshadweep,10353,10254,51,5,2.0
152,2021-09-14 21:04:37,Lakshadweep,10353,10255,51,4,0.0
153,2021-09-19 12:43:00,Lakshadweep,10356,10256,51,6,3.0
154,2021-09-19 23:20:27,Lakshadweep,10356,10257,51,5,0.0
155,2021-09-21 10:34:30,Lakshadweep,10359,10257,51,8,3.0
156,2021-09-21 20:44:44,Lakshadweep,10360,10257,51,9,1.0
157,2021-09-24 08:21:27,Lakshadweep,10361,10259,51,8,1.0
158,2021-09-25 23:10:48,Lakshadweep,10361,10262,51,5,0.0
159,2021-09-29 22:48:27,Lakshadweep,10361,10263,51,4,0.0
160,2021-09-30 19:16:45,Lakshadweep,10361,10265,51,2,0.0
161,2021-10-02 14:14:49,Lakshadweep,10361,10267,51,0,0.0
