,Time,State,Confirmed,Recovered,Deaths,Active,New Cases
0,2021-04-22 22:51:53,Jharkhand,177356,139921,1609,35826,
1,2021-04-23 08:31:39,Jharkhand,184951,142294,1715,40942,7595.0
2,2021-04-24 00:08:15,Jharkhand,190692,145499,1778,43415,5741.0
3,2021-04-25 00:07:58,Jharkhand,195844,148364,1888,45592,5152.0
4,2021-04-25 23:24:20,Jharkhand,201747,148364,1888,51495,5903.0
5,2021-04-26 11:33:25,Jharkhand,201747,151651,1991,48105,0.0
6,2021-04-27 00:08:45,Jharkhand,207288,155669,2115,49504,5541.0
7,2021-04-27 23:24:43,Jharkhand,213414,159916,2246,51252,6126.0
8,2021-04-29 11:30:45,Jharkhand,221489,164278,2395,54816,8075.0
9,2021-04-30 13:00:13,Jharkhand,227450,169033,2540,55877,5961.0
10,2021-05-01 00:51:36,Jharkhand,233411,173035,2660,57716,5961.0
11,2021-05-01 23:54:17,Jharkhand,239734,178468,2829,58437,6323.0
12,2021-05-03 11:13:59,Jharkhand,244472,183009,2944,58519,4738.0
13,2021-05-04 12:00:38,Jharkhand,251371,188623,3073,59675,6899.0
14,2021-05-04 23:51:59,Jharkhand,257345,194434,3205,59706,5974.0
15,2021-05-06 12:35:43,Jharkhand,263115,200238,3346,59531,5770.0
16,2021-05-06 23:52:24,Jharkhand,270089,205977,3479,60633,6974.0
17,2021-05-07 23:54:08,Jharkhand,276062,211270,3615,61177,5973.0
18,2021-05-08 23:52:21,Jharkhand,282174,217223,3756,61195,6112.0
19,2021-05-10 13:15:26,Jharkhand,286343,223683,3853,58807,4169.0
20,2021-05-11 13:48:44,Jharkhand,292530,230645,3982,57903,6187.0
21,2021-05-12 10:41:30,Jharkhand,296895,238277,4085,54533,4365.0
22,2021-05-13 10:16:19,Jharkhand,301257,246608,4182,50467,4362.0
23,2021-05-14 10:49:38,Jharkhand,306248,253490,4290,48468,4991.0
24,2021-05-15 00:08:56,Jharkhand,310024,260602,4366,45056,3776.0
25,2021-05-16 11:28:59,Jharkhand,313181,267364,4431,41386,3157.0
26,2021-05-17 00:08:15,Jharkhand,315502,274483,4479,36540,2321.0
27,2021-05-18 00:08:18,Jharkhand,318009,279946,4539,33524,2507.0
28,2021-05-19 00:09:40,Jharkhand,320856,284670,4601,31585,2847.0
29,2021-05-19 12:20:27,Jharkhand,320934,284805,4601,31528,78.0
30,2021-05-23 14:42:07,Jharkhand,329072,301705,4801,22566,8138.0
31,2021-05-24 12:43:38,Jharkhand,330417,306080,4838,19499,1345.0
32,2021-05-25 11:01:57,Jharkhand,331811,309371,4871,17569,1394.0
33,2021-05-26 10:00:10,Jharkhand,333058,312526,4891,15641,1247.0
34,2021-05-27 09:56:48,Jharkhand,334035,314929,4910,14196,977.0
35,2021-05-28 09:52:22,Jharkhand,334730,316707,4926,13097,695.0
36,2021-05-29 09:25:04,Jharkhand,335417,318689,4946,11782,687.0
37,2021-05-30 10:24:34,Jharkhand,336240,320336,4959,10945,823.0
38,2021-05-31 10:46:29,Jharkhand,336943,322060,4978,9905,703.0
39,2021-06-01 11:00:23,Jharkhand,337774,323876,4991,8907,831.0
40,2021-06-02 10:00:36,Jharkhand,338383,325325,5000,8058,609.0
41,2021-06-03 12:49:09,Jharkhand,338915,326597,5011,7307,532.0
42,2021-06-04 13:04:47,Jharkhand,339930,327372,5021,7537,1015.0
43,2021-06-05 11:22:53,Jharkhand,340408,328542,5034,6832,478.0
44,2021-06-06 11:09:47,Jharkhand,340925,329640,5046,6239,517.0
45,2021-06-07 08:55:00,Jharkhand,341218,330478,5054,5686,293.0
46,2021-06-08 08:37:21,Jharkhand,341576,331204,5060,5312,358.0
47,2021-06-09 08:23:30,Jharkhand,342179,332007,5073,5099,603.0
48,2021-06-10 08:38:17,Jharkhand,342481,332622,5076,4783,302.0
49,2021-06-11 09:11:11,Jharkhand,342774,333179,5081,4514,293.0
50,2021-06-12 10:56:28,Jharkhand,343065,333763,5082,4220,291.0
51,2021-06-13 10:22:17,Jharkhand,343304,334256,5082,3966,239.0
52,2021-06-14 08:15:41,Jharkhand,343458,334979,5084,3395,154.0
53,2021-06-15 08:08:38,Jharkhand,343609,335462,5085,3062,151.0
54,2021-06-16 08:35:22,Jharkhand,343793,336058,5089,2646,184.0
55,2021-06-17 08:35:01,Jharkhand,343983,336645,5092,2246,190.0
56,2021-06-18 08:08:46,Jharkhand,344129,337088,5095,1946,146.0
57,2021-06-19 09:45:13,Jharkhand,344270,337362,5097,1811,141.0
58,2021-06-20 09:13:13,Jharkhand,344405,337667,5099,1639,135.0
59,2021-06-21 07:45:19,Jharkhand,344543,337848,5099,1596,138.0
60,2021-06-22 09:48:30,Jharkhand,344665,338076,5100,1489,122.0
61,2021-06-23 08:15:40,Jharkhand,344775,338256,5102,1417,110.0
62,2021-06-24 09:10:29,Jharkhand,344914,338446,5104,1364,139.0
63,2021-06-25 08:59:01,Jharkhand,345028,338698,5106,1224,114.0
64,2021-06-26 09:37:55,Jharkhand,345161,338870,5107,1184,133.0
65,2021-06-27 09:23:53,Jharkhand,345259,339036,5110,1113,98.0
66,2021-06-28 08:08:53,Jharkhand,345340,339199,5111,1030,81.0
67,2021-06-28 23:35:01,Jharkhand,345430,339314,5111,1005,90.0
68,2021-06-30 10:05:45,Jharkhand,345525,339463,5113,949,95.0
69,2021-07-01 10:39:42,Jharkhand,345610,339583,5113,914,85.0
70,2021-07-02 09:06:50,Jharkhand,345706,339739,5113,854,96.0
71,2021-07-03 10:15:56,Jharkhand,345794,339850,5113,831,88.0
72,2021-07-04 10:47:02,Jharkhand,345885,339966,5114,805,91.0
73,2021-07-05 08:13:25,Jharkhand,345937,340164,5115,658,52.0
74,2021-07-06 08:32:54,Jharkhand,345983,340257,5117,609,46.0
75,2021-07-06 23:44:38,Jharkhand,346038,340365,5118,555,55.0
76,2021-07-08 08:10:57,Jharkhand,346113,340463,5118,532,75.0
77,2021-07-08 11:36:55,Jharkhand,346038,340365,5118,555,-75.0
78,2021-07-08 11:50:12,Jharkhand,346113,340463,5118,532,75.0
79,2021-07-09 08:39:07,Jharkhand,346168,340573,5119,476,55.0
80,2021-07-10 00:22:00,Jharkhand,346223,340655,5119,449,55.0
81,2021-07-11 00:23:04,Jharkhand,346279,340737,5119,423,56.0
82,2021-07-12 10:25:49,Jharkhand,346328,340798,5119,411,49.0
83,2021-07-13 12:44:18,Jharkhand,346371,340862,5119,390,43.0
84,2021-07-14 08:48:27,Jharkhand,346411,340944,5120,347,40.0
85,2021-07-15 09:02:16,Jharkhand,346479,341015,5120,344,68.0
86,2021-07-16 08:42:14,Jharkhand,346533,341077,5120,336,54.0
87,2021-07-17 09:42:16,Jharkhand,346588,341128,5120,340,55.0
88,2021-07-18 10:12:51,Jharkhand,346649,341192,5120,337,61.0
89,2021-07-19 00:12:29,Jharkhand,346681,341234,5120,327,32.0
90,2021-07-20 08:11:28,Jharkhand,346745,341287,5122,336,64.0
91,2021-07-21 10:35:58,Jharkhand,346778,341336,5122,320,33.0
92,2021-07-22 08:48:11,Jharkhand,346824,341387,5122,315,46.0
93,2021-07-23 10:16:08,Jharkhand,346846,341419,5122,305,22.0
94,2021-07-24 09:05:45,Jharkhand,346885,341464,5122,299,39.0
95,2021-07-25 10:40:39,Jharkhand,346918,341518,5124,276,33.0
96,2021-07-26 08:40:11,Jharkhand,346946,341568,5124,254,28.0
97,2021-07-27 08:39:18,Jharkhand,346983,341613,5124,246,37.0
98,2021-07-28 09:03:46,Jharkhand,347022,341650,5125,247,39.0
99,2021-07-29 08:43:38,Jharkhand,347049,341686,5126,237,27.0
100,2021-07-30 08:41:13,Jharkhand,347105,341720,5126,259,56.0
101,2021-07-31 11:25:25,Jharkhand,347137,341749,5128,260,32.0
102,2021-08-01 14:11:47,Jharkhand,347173,341793,5128,252,36.0
103,2021-08-02 08:39:18,Jharkhand,347200,341817,5129,254,27.0
104,2021-08-03 09:08:12,Jharkhand,347223,341855,5129,239,23.0
105,2021-08-04 08:55:11,Jharkhand,347246,341883,5129,234,23.0
106,2021-08-05 08:42:56,Jharkhand,347276,341924,5129,223,30.0
107,2021-08-06 09:15:42,Jharkhand,347304,341952,5129,223,28.0
108,2021-08-07 09:08:53,Jharkhand,347336,341980,5130,226,32.0
109,2021-08-08 09:38:59,Jharkhand,347373,342022,5130,221,37.0
110,2021-08-09 08:56:27,Jharkhand,347392,342051,5130,211,19.0
111,2021-08-10 08:31:05,Jharkhand,347406,342074,5130,202,14.0
112,2021-08-11 10:13:07,Jharkhand,347440,342102,5130,208,34.0
113,2021-08-12 08:30:20,Jharkhand,347454,342128,5130,196,14.0
114,2021-08-14 16:15:08,Jharkhand,347530,342176,5131,223,76.0
115,2021-08-15 08:38:24,Jharkhand,347558,342210,5131,217,28.0
116,2021-08-16 20:31:23,Jharkhand,347585,342240,5131,214,27.0
117,2021-08-17 08:39:18,Jharkhand,347620,342253,5131,236,35.0
118,2021-08-18 10:25:02,Jharkhand,347635,342286,5132,217,15.0
119,2021-08-19 10:07:50,Jharkhand,347667,342310,5132,225,32.0
120,2021-08-20 09:35:31,Jharkhand,347690,342335,5132,223,23.0
121,2021-08-21 13:37:27,Jharkhand,347707,342360,5132,215,17.0
122,2021-08-22 13:59:27,Jharkhand,347725,342380,5132,213,18.0
123,2021-08-23 12:25:06,Jharkhand,347730,342421,5132,177,5.0
124,2021-08-24 12:28:20,Jharkhand,347748,342451,5132,165,18.0
125,2021-08-25 13:00:50,Jharkhand,347755,342470,5132,153,7.0
126,2021-08-26 10:51:38,Jharkhand,347763,342491,5132,140,8.0
127,2021-08-27 10:39:36,Jharkhand,347794,342523,5132,139,31.0
128,2021-08-28 12:08:30,Jharkhand,347815,342537,5132,146,21.0
129,2021-08-29 00:57:39,Jharkhand,347829,342555,5132,142,14.0
130,2021-08-30 14:05:50,Jharkhand,347842,342566,5132,144,13.0
131,2021-08-31 11:56:29,Jharkhand,347855,342585,5132,138,13.0
132,2021-09-01 08:47:24,Jharkhand,347867,342605,5132,130,12.0
133,2021-09-02 10:44:12,Jharkhand,347894,342625,5132,137,27.0
134,2021-09-03 10:30:43,Jharkhand,347922,342647,5132,143,28.0
135,2021-09-04 16:24:14,Jharkhand,347933,342660,5132,141,11.0
136,2021-09-05 11:22:36,Jharkhand,347942,342676,5133,133,9.0
137,2021-09-06 14:56:08,Jharkhand,347957,342692,5133,132,15.0
138,2021-09-07 11:49:00,Jharkhand,347975,342716,5133,126,18.0
139,2021-09-08 08:46:09,Jharkhand,347989,342727,5133,129,14.0
140,2021-09-09 13:19:49,Jharkhand,348012,342740,5133,139,23.0
