,Time,State,Confirmed,Recovered,Deaths,Active,New Cases
0,2021-04-22 22:52:01,Himachal Pradesh,82876,69747,1241,11859,
1,2021-04-23 21:15:21,Himachal Pradesh,84065,70519,1267,12246,1189.0
2,2021-04-24 21:13:17,Himachal Pradesh,86138,71396,1291,13418,2073.0
3,2021-04-24 21:41:20,Himachal Pradesh,86138,71396,1291,13411,0.0
4,2021-04-25 20:10:17,Himachal Pradesh,87501,72557,1323,13581,1363.0
5,2021-04-25 22:29:44,Himachal Pradesh,87501,72557,1323,13577,0.0
6,2021-04-26 20:45:08,Himachal Pradesh,89193,73478,1350,14326,1692.0
7,2021-04-27 20:13:44,Himachal Pradesh,91350,74783,1374,15151,2157.0
8,2021-04-28 21:18:24,Himachal Pradesh,93889,76335,1407,16098,2539.0
9,2021-04-29 21:14:55,Himachal Pradesh,96929,77576,1447,17838,3040.0
10,2021-04-29 21:41:29,Himachal Pradesh,96929,77576,1447,17835,0.0
11,2021-04-30 20:33:03,Himachal Pradesh,99287,79310,1484,18425,2358.0
12,2021-05-01 21:40:53,Himachal Pradesh,102038,80534,1512,19928,2751.0
13,2021-05-02 21:41:50,Himachal Pradesh,104491,82148,1556,20723,2453.0
14,2021-05-02 22:26:14,Himachal Pradesh,104491,82148,1556,20727,0.0
15,2021-05-03 23:21:15,Himachal Pradesh,107121,83679,1599,21788,2630.0
16,2021-05-04 21:12:45,Himachal Pradesh,110945,85671,1647,23572,3824.0
17,2021-05-05 22:25:27,Himachal Pradesh,114787,87151,1679,25902,3842.0
18,2021-05-06 21:41:51,Himachal Pradesh,118729,89197,1724,27753,3942.0
19,2021-05-07 22:25:37,Himachal Pradesh,122906,91573,1780,29513,4177.0
20,2021-05-08 20:40:12,Himachal Pradesh,128330,94586,1817,31893,5424.0
21,2021-05-09 23:13:09,Himachal Pradesh,131423,97045,1872,32469,3093.0
22,2021-05-10 21:32:43,Himachal Pradesh,135782,99400,1925,34417,4359.0
23,2021-05-12 10:41:38,Himachal Pradesh,140759,102499,1989,36232,4977.0
24,2021-05-12 21:44:56,Himachal Pradesh,145736,104686,2055,38954,4977.0
25,2021-05-13 22:29:43,Himachal Pradesh,150673,108503,2118,40008,4937.0
26,2021-05-14 21:30:29,Himachal Pradesh,153717,111878,2185,39623,3044.0
27,2021-05-15 20:53:22,Himachal Pradesh,157862,116016,2241,39575,4145.0
28,2021-05-16 21:43:08,Himachal Pradesh,160240,120990,2311,36909,2378.0
29,2021-05-17 20:35:27,Himachal Pradesh,163786,124750,2369,36633,3546.0
30,2021-05-18 20:17:24,Himachal Pradesh,166678,129315,2447,34888,2892.0
31,2021-05-19 20:45:14,Himachal Pradesh,170074,132406,2516,35124,3396.0
32,2021-05-23 14:42:28,Himachal Pradesh,177725,146219,2693,28788,7651.0
33,2021-05-23 20:42:53,Himachal Pradesh,179034,150278,2752,25979,1309.0
34,2021-05-24 21:16:30,Himachal Pradesh,180983,153964,2813,24181,1949.0
35,2021-05-25 20:33:13,Himachal Pradesh,182982,157031,2873,23053,1999.0
36,2021-05-26 21:46:25,Himachal Pradesh,184347,159227,2917,22181,1365.0
37,2021-05-27 20:47:59,Himachal Pradesh,185819,162636,2976,20184,1472.0
38,2021-05-28 20:43:50,Himachal Pradesh,187342,165786,3040,18495,1523.0
39,2021-05-29 20:57:10,Himachal Pradesh,188604,168524,3070,16989,1262.0
40,2021-05-30 20:15:05,Himachal Pradesh,189465,171393,3111,14940,861.0
41,2021-05-31 20:54:56,Himachal Pradesh,190330,173560,3127,13622,865.0
42,2021-06-01 21:45:04,Himachal Pradesh,191251,175657,3165,12408,921.0
43,2021-06-02 21:50:37,Himachal Pradesh,192142,176949,3194,11975,891.0
44,2021-06-03 21:55:41,Himachal Pradesh,193137,178840,3217,11057,995.0
45,2021-06-05 11:23:03,Himachal Pradesh,193924,180870,3244,9787,787.0
46,2021-06-05 22:01:25,Himachal Pradesh,194742,181972,3263,9484,818.0
47,2021-06-06 21:45:58,Himachal Pradesh,195099,183434,3281,8361,357.0
48,2021-06-08 08:37:31,Himachal Pradesh,195755,184878,3299,7555,656.0
49,2021-06-08 20:29:10,Himachal Pradesh,196357,186052,3312,6970,602.0
50,2021-06-09 19:45:15,Himachal Pradesh,196911,186052,3312,7524,554.0
51,2021-06-09 20:43:06,Himachal Pradesh,196905,186872,3327,6682,-6.0
52,2021-06-10 20:25:50,Himachal Pradesh,197438,187734,3344,6336,533.0
53,2021-06-11 20:56:07,Himachal Pradesh,197943,188691,3349,5879,505.0
54,2021-06-11 21:05:38,Himachal Pradesh,197943,188691,3351,5879,0.0
55,2021-06-12 19:59:57,Himachal Pradesh,198313,189522,3368,5402,370.0
56,2021-06-13 22:21:26,Himachal Pradesh,198550,190377,3368,4784,237.0
57,2021-06-13 22:29:24,Himachal Pradesh,198550,190377,3375,4777,0.0
58,2021-06-14 21:22:38,Himachal Pradesh,198876,191041,3382,4432,326.0
59,2021-06-15 21:04:13,Himachal Pradesh,199197,191732,3394,4050,321.0
60,2021-06-16 21:10:16,Himachal Pradesh,199407,192256,3398,3733,210.0
61,2021-06-18 08:08:56,Himachal Pradesh,199699,192841,3408,3430,292.0
62,2021-06-18 19:44:58,Himachal Pradesh,200043,193418,3413,3193,344.0
63,2021-06-19 20:56:46,Himachal Pradesh,200282,193850,3423,2990,239.0
64,2021-06-20 19:57:49,Himachal Pradesh,200410,194249,3426,2711,128.0
65,2021-06-20 22:44:41,Himachal Pradesh,200282,193850,3423,2990,-128.0
66,2021-06-20 23:00:52,Himachal Pradesh,200410,194249,3426,2711,128.0
67,2021-06-21 20:25:30,Himachal Pradesh,200603,194739,3432,2408,193.0
68,2021-06-21 20:34:50,Himachal Pradesh,200603,194744,3432,2403,0.0
69,2021-06-22 21:11:02,Himachal Pradesh,200791,195060,3437,2271,188.0
70,2021-06-23 19:34:54,Himachal Pradesh,200791,195055,3437,2276,0.0
71,2021-06-23 20:01:29,Himachal Pradesh,201049,195289,3445,2287,258.0
72,2021-06-24 21:19:23,Himachal Pradesh,201210,195611,3447,2123,161.0
73,2021-06-25 20:30:09,Himachal Pradesh,201363,195929,3449,1956,153.0
74,2021-06-26 20:05:58,Himachal Pradesh,201547,196178,3455,1885,184.0
75,2021-06-27 20:05:48,Himachal Pradesh,201665,196422,3457,1754,118.0
76,2021-06-28 21:07:40,Himachal Pradesh,201813,196629,3460,1691,148.0
77,2021-06-29 20:04:27,Himachal Pradesh,201980,196837,3461,1654,167.0
78,2021-06-30 19:57:45,Himachal Pradesh,202123,197006,3463,1625,143.0
79,2021-07-01 21:05:22,Himachal Pradesh,202290,197006,3463,1792,167.0
80,2021-07-01 21:14:53,Himachal Pradesh,202290,197155,3464,1639,0.0
81,2021-07-02 23:15:28,Himachal Pradesh,202440,197369,3465,1579,150.0
82,2021-07-03 20:33:54,Himachal Pradesh,202555,197612,3466,1446,115.0
83,2021-07-05 08:13:32,Himachal Pradesh,202642,197778,3467,1365,87.0
84,2021-07-05 20:23:15,Himachal Pradesh,202800,197943,3468,1357,158.0
85,2021-07-06 19:47:48,Himachal Pradesh,202945,198123,3469,1326,145.0
86,2021-07-07 20:25:17,Himachal Pradesh,203117,198282,3470,1338,172.0
87,2021-07-08 11:37:04,Himachal Pradesh,202945,198123,3469,1326,-172.0
88,2021-07-08 11:50:22,Himachal Pradesh,203117,198282,3470,1338,172.0
89,2021-07-08 20:40:35,Himachal Pradesh,203245,198441,3470,1307,128.0
90,2021-07-09 20:42:19,Himachal Pradesh,203425,198570,3471,1359,180.0
91,2021-07-10 20:16:38,Himachal Pradesh,203563,198732,3474,1335,138.0
92,2021-07-11 20:08:12,Himachal Pradesh,203626,198864,3474,1266,63.0
93,2021-07-11 20:17:01,Himachal Pradesh,203626,198882,3475,1247,0.0
94,2021-07-12 19:57:18,Himachal Pradesh,203719,199019,3476,1207,93.0
95,2021-07-13 20:39:08,Himachal Pradesh,203869,199170,3480,1203,150.0
96,2021-07-14 20:02:07,Himachal Pradesh,203962,199270,3483,1191,93.0
97,2021-07-15 19:43:02,Himachal Pradesh,204098,199444,3486,1150,136.0
98,2021-07-16 21:09:47,Himachal Pradesh,204224,199582,3488,1136,126.0
99,2021-07-17 20:56:07,Himachal Pradesh,204337,199720,3489,1110,113.0
100,2021-07-18 20:47:02,Himachal Pradesh,204391,199866,3489,1018,54.0
101,2021-07-18 20:56:46,Himachal Pradesh,204391,199873,3491,1007,0.0
102,2021-07-19 19:42:55,Himachal Pradesh,204516,200036,3491,969,125.0
103,2021-07-20 20:35:48,Himachal Pradesh,204618,200150,3491,957,102.0
104,2021-07-21 20:25:49,Himachal Pradesh,204685,200233,3491,941,67.0
105,2021-07-22 20:12:00,Himachal Pradesh,204800,200352,3493,935,115.0
106,2021-07-23 20:23:14,Himachal Pradesh,204887,200481,3495,893,87.0
107,2021-07-24 19:48:44,Himachal Pradesh,205017,200571,3497,931,130.0
108,2021-07-25 14:59:04,Himachal Pradesh,205061,200704,3498,841,44.0
109,2021-07-26 20:02:08,Himachal Pradesh,205200,200824,3500,858,139.0
110,2021-07-27 20:19:30,Himachal Pradesh,205383,200942,3502,923,183.0
111,2021-07-28 21:45:51,Himachal Pradesh,205499,201026,3504,953,116.0
112,2021-07-29 20:23:03,Himachal Pradesh,205728,201099,3504,1098,229.0
113,2021-07-30 20:59:10,Himachal Pradesh,205874,201199,3504,1137,146.0
114,2021-07-31 22:05:46,Himachal Pradesh,206027,201270,3505,1218,153.0
115,2021-08-01 20:09:29,Himachal Pradesh,206161,201388,3505,1229,134.0
116,2021-08-02 19:49:06,Himachal Pradesh,206369,201520,3506,1304,208.0
117,2021-08-03 19:57:52,Himachal Pradesh,206589,201628,3507,1414,220.0
118,2021-08-04 20:13:40,Himachal Pradesh,206832,201773,3511,1508,243.0
119,2021-08-05 22:09:28,Himachal Pradesh,207088,201923,3515,1610,256.0
120,2021-08-06 19:58:12,Himachal Pradesh,207344,202060,3517,1727,256.0
121,2021-08-07 20:23:09,Himachal Pradesh,207700,202194,3517,1949,356.0
122,2021-08-08 20:03:49,Himachal Pradesh,207887,202366,3518,1962,187.0
123,2021-08-09 20:56:13,Himachal Pradesh,208197,202569,3519,2086,310.0
124,2021-08-10 19:58:21,Himachal Pradesh,208616,202755,3521,2318,419.0
125,2021-08-11 19:51:08,Himachal Pradesh,208990,202893,3523,2556,374.0
126,2021-08-12 20:49:10,Himachal Pradesh,209344,203132,3526,2668,354.0
127,2021-08-14 16:15:15,Himachal Pradesh,209677,203379,3528,2748,333.0
128,2021-08-14 20:32:36,Himachal Pradesh,209961,203576,3529,2835,284.0
129,2021-08-15 21:05:06,Himachal Pradesh,210143,203833,3532,2756,182.0
130,2021-08-16 20:31:29,Himachal Pradesh,210419,204167,3535,2695,276.0
131,2021-08-17 21:26:47,Himachal Pradesh,210719,204451,3541,2705,300.0
132,2021-08-18 21:04:25,Himachal Pradesh,210980,204681,3542,2733,261.0
133,2021-08-19 20:35:38,Himachal Pradesh,211277,205047,3543,2663,297.0
134,2021-08-20 20:33:19,Himachal Pradesh,211432,205448,3546,2413,155.0
135,2021-08-21 20:17:45,Himachal Pradesh,211632,205784,3547,2276,200.0
136,2021-08-22 22:51:40,Himachal Pradesh,211746,206094,3553,2074,114.0
137,2021-08-23 20:35:51,Himachal Pradesh,211979,206366,3558,2030,233.0
138,2021-08-24 20:03:50,Himachal Pradesh,212260,206623,3562,2054,281.0
139,2021-08-25 21:06:51,Himachal Pradesh,212458,206816,3563,2058,198.0
140,2021-08-26 20:34:20,Himachal Pradesh,212727,207063,3566,2077,269.0
141,2021-08-27 21:03:49,Himachal Pradesh,212913,207356,3569,1965,186.0
142,2021-08-28 21:27:04,Himachal Pradesh,213122,207713,3575,1814,209.0
143,2021-08-29 19:32:27,Himachal Pradesh,213245,207899,3576,1750,123.0
144,2021-08-30 22:51:50,Himachal Pradesh,213341,208100,3579,1642,96.0
145,2021-08-31 21:05:02,Himachal Pradesh,213548,208305,3582,1642,207.0
146,2021-09-01 20:02:46,Himachal Pradesh,213799,208409,3587,1784,251.0
147,2021-09-03 10:30:49,Himachal Pradesh,214004,208609,3588,1788,205.0
148,2021-09-04 16:24:18,Himachal Pradesh,214193,208815,3592,1767,189.0
149,2021-09-04 20:46:36,Himachal Pradesh,214408,209039,3593,1758,215.0
150,2021-09-05 21:11:15,Himachal Pradesh,214504,209258,3595,1633,96.0
151,2021-09-06 20:15:44,Himachal Pradesh,214732,209417,3597,1699,228.0
152,2021-09-07 20:55:37,Himachal Pradesh,214911,209608,3597,1687,179.0
153,2021-09-07 21:05:40,Himachal Pradesh,214911,209610,3602,1682,0.0
154,2021-09-08 21:18:26,Himachal Pradesh,215074,209748,3606,1703,163.0
155,2021-09-09 19:57:35,Himachal Pradesh,215235,209887,3612,1719,161.0
156,2021-09-10 22:14:36,Himachal Pradesh,215437,210124,3614,1682,202.0
157,2021-09-12 23:43:49,Himachal Pradesh,215691,210518,3620,1536,254.0
158,2021-09-13 20:18:07,Himachal Pradesh,215893,210732,3623,1521,202.0
159,2021-09-13 23:01:04,Himachal Pradesh,215691,210518,3620,1536,-202.0
160,2021-09-14 08:48:04,Himachal Pradesh,215893,210732,3623,1521,202.0
161,2021-09-14 19:33:00,Himachal Pradesh,216088,210913,3626,1532,195.0
162,2021-09-15 20:02:23,Himachal Pradesh,216303,211008,3628,1650,215.0
163,2021-09-16 20:33:32,Himachal Pradesh,216430,211214,3631,1568,127.0
164,2021-09-17 20:11:14,Himachal Pradesh,216639,211412,3631,1580,209.0
165,2021-09-18 23:41:14,Himachal Pradesh,216813,211554,3633,1610,174.0
166,2021-09-19 23:20:04,Himachal Pradesh,216906,211694,3634,1562,93.0
167,2021-09-20 21:26:35,Himachal Pradesh,217140,211871,3637,1616,234.0
168,2021-09-21 20:44:22,Himachal Pradesh,217403,212033,3639,1715,263.0
169,2021-09-22 20:28:30,Himachal Pradesh,217615,212133,3643,1823,212.0
170,2021-09-24 08:21:07,Himachal Pradesh,217776,212336,3646,1778,161.0
