,Time,State,Confirmed,Recovered,Deaths,Active,New Cases
0,2021-04-22 22:52:38,Ladakh,12739,10630,134,1975,
1,2021-04-23 09:51:48,Ladakh,12937,10761,135,2041,198.0
2,2021-04-24 11:26:33,Ladakh,13091,10920,135,2036,154.0
3,2021-04-25 10:58:34,Ladakh,13239,11131,136,1972,148.0
4,2021-04-25 12:46:12,Ladakh,13239,11129,136,1974,0.0
5,2021-04-25 13:16:20,Ladakh,13237,11129,136,1972,-2.0
6,2021-04-26 11:33:41,Ladakh,13357,11192,138,2027,120.0
7,2021-04-27 11:30:09,Ladakh,13502,11505,138,1859,145.0
8,2021-04-28 11:41:07,Ladakh,13642,11800,139,1703,140.0
9,2021-04-29 11:31:00,Ladakh,13758,11937,139,1682,116.0
10,2021-04-30 13:12:14,Ladakh,13866,12129,140,1597,108.0
11,2021-05-01 10:11:48,Ladakh,13969,12376,143,1450,103.0
12,2021-05-02 11:00:56,Ladakh,14086,12542,144,1400,117.0
13,2021-05-03 12:47:22,Ladakh,14226,12735,145,1346,140.0
14,2021-05-04 12:00:53,Ladakh,14315,12884,148,1283,89.0
15,2021-05-05 10:23:42,Ladakh,14560,13035,151,1374,245.0
16,2021-05-06 12:36:01,Ladakh,14811,13166,151,1494,251.0
17,2021-05-07 10:34:11,Ladakh,14909,13326,151,1432,98.0
18,2021-05-08 11:39:51,Ladakh,15023,13471,152,1400,114.0
19,2021-05-09 14:04:04,Ladakh,15179,13614,153,1412,156.0
20,2021-05-10 13:15:44,Ladakh,15317,13719,155,1443,138.0
21,2021-05-11 13:49:02,Ladakh,15429,13825,157,1447,112.0
22,2021-05-12 10:42:05,Ladakh,15564,13955,157,1452,135.0
23,2021-05-13 10:16:37,Ladakh,15807,14102,158,1547,243.0
24,2021-05-14 10:49:56,Ladakh,15916,14208,161,1547,109.0
25,2021-05-15 12:47:32,Ladakh,16156,14439,163,1554,240.0
26,2021-05-16 11:29:14,Ladakh,16333,14620,165,1548,177.0
27,2021-05-17 13:17:51,Ladakh,16452,14741,165,1546,119.0
28,2021-05-18 11:53:17,Ladakh,16582,14875,165,1542,130.0
29,2021-05-19 12:20:42,Ladakh,16784,15031,170,1583,202.0
30,2021-05-23 14:43:58,Ladakh,17277,15585,176,1516,493.0
31,2021-05-24 12:44:07,Ladakh,17407,15707,178,1522,130.0
32,2021-05-25 11:02:28,Ladakh,17532,15891,178,1463,125.0
33,2021-05-26 11:18:56,Ladakh,17810,16070,179,1561,278.0
34,2021-05-27 09:57:15,Ladakh,18045,16200,181,1664,235.0
35,2021-05-28 09:52:48,Ladakh,18186,16345,185,1656,141.0
36,2021-05-29 10:39:10,Ladakh,18310,16517,187,1606,124.0
37,2021-05-30 10:47:28,Ladakh,18448,16658,187,1603,138.0
38,2021-05-31 10:46:56,Ladakh,18497,16754,188,1555,49.0
39,2021-06-01 12:43:09,Ladakh,18662,16859,189,1614,165.0
40,2021-06-02 10:13:06,Ladakh,18750,16979,190,1581,88.0
41,2021-06-03 12:49:43,Ladakh,18841,17119,191,1531,91.0
42,2021-06-04 13:05:13,Ladakh,18954,17256,193,1505,113.0
43,2021-06-05 13:49:37,Ladakh,19076,17528,194,1354,122.0
44,2021-06-06 11:10:16,Ladakh,19147,17782,195,1170,71.0
45,2021-06-07 11:55:38,Ladakh,19186,17913,195,1078,39.0
46,2021-06-07 12:55:23,Ladakh,19197,17913,195,1089,11.0
47,2021-06-08 09:30:17,Ladakh,19258,18052,195,1011,61.0
48,2021-06-09 11:38:55,Ladakh,19330,18194,195,941,72.0
49,2021-06-10 12:00:46,Ladakh,19385,18265,195,925,55.0
50,2021-06-11 11:50:12,Ladakh,19475,18425,197,853,90.0
51,2021-06-12 11:15:20,Ladakh,19506,18513,197,796,31.0
52,2021-06-13 10:22:44,Ladakh,19544,18601,197,746,38.0
53,2021-06-14 11:00:43,Ladakh,19561,18706,197,658,17.0
54,2021-06-15 10:55:00,Ladakh,19611,18841,198,572,50.0
55,2021-06-16 10:51:45,Ladakh,19649,18898,199,552,38.0
56,2021-06-17 11:36:09,Ladakh,19682,18945,199,538,33.0
57,2021-06-18 09:40:20,Ladakh,19704,19022,200,482,22.0
58,2021-06-19 10:21:22,Ladakh,19730,19097,200,433,26.0
59,2021-06-20 10:07:24,Ladakh,19783,19210,201,372,53.0
60,2021-06-21 11:29:27,Ladakh,19805,19300,202,303,22.0
61,2021-06-22 10:42:47,Ladakh,19838,19331,202,305,33.0
62,2021-06-23 10:45:11,Ladakh,19871,19369,202,300,33.0
63,2021-06-24 10:03:49,Ladakh,19881,19401,202,278,10.0
64,2021-06-25 08:59:55,Ladakh,19903,19447,202,254,22.0
65,2021-06-26 09:38:23,Ladakh,19920,19485,202,233,17.0
66,2021-06-27 18:49:53,Ladakh,19941,19518,202,221,21.0
67,2021-06-28 10:17:18,Ladakh,19964,19541,202,221,23.0
68,2021-06-28 12:14:50,Ladakh,19964,19481,202,281,0.0
69,2021-06-29 10:16:45,Ladakh,20022,19512,202,308,58.0
70,2021-06-30 09:31:43,Ladakh,20038,19565,202,271,16.0
71,2021-07-01 11:36:19,Ladakh,20073,19585,202,286,35.0
72,2021-07-01 11:42:50,Ladakh,20073,19592,202,279,0.0
73,2021-07-02 16:15:07,Ladakh,20090,19626,202,262,17.0
74,2021-07-03 11:15:53,Ladakh,20099,19660,202,237,9.0
75,2021-07-04 10:48:09,Ladakh,20113,19671,202,240,14.0
76,2021-07-05 08:14:02,Ladakh,20118,19692,204,222,5.0
77,2021-07-05 11:56:34,Ladakh,20120,19690,204,226,2.0
78,2021-07-06 08:33:26,Ladakh,20129,19709,204,216,9.0
79,2021-07-07 09:45:01,Ladakh,20137,19733,204,200,8.0
80,2021-07-08 09:24:05,Ladakh,20143,19756,204,183,6.0
81,2021-07-08 09:32:12,Ladakh,20166,19733,204,229,23.0
82,2021-07-08 10:23:26,Ladakh,20143,19756,204,183,-23.0
83,2021-07-08 11:34:46,Ladakh,20137,19733,204,200,-6.0
84,2021-07-08 11:51:07,Ladakh,20143,19756,204,183,6.0
85,2021-07-09 08:39:42,Ladakh,20155,19815,205,135,12.0
86,2021-07-10 11:03:09,Ladakh,20167,19830,206,131,12.0
87,2021-07-11 10:34:29,Ladakh,20186,19865,206,115,19.0
88,2021-07-12 10:34:09,Ladakh,20195,19879,206,110,9.0
89,2021-07-13 12:45:24,Ladakh,20204,19894,206,104,9.0
90,2021-07-14 13:57:40,Ladakh,20227,19904,210,113,23.0
91,2021-07-14 14:13:35,Ladakh,20227,19908,206,113,0.0
92,2021-07-15 09:45:07,Ladakh,20231,19912,206,113,4.0
93,2021-07-16 09:06:14,Ladakh,20234,19920,206,108,3.0
94,2021-07-17 10:29:08,Ladakh,20240,19929,206,105,6.0
95,2021-07-18 10:13:21,Ladakh,20246,19937,206,103,6.0
96,2021-07-19 11:42:40,Ladakh,20257,19948,206,103,11.0
97,2021-07-20 10:56:21,Ladakh,20264,19959,206,99,7.0
98,2021-07-21 10:36:28,Ladakh,20278,19978,206,94,14.0
99,2021-07-22 11:55:01,Ladakh,20282,19985,206,91,4.0
100,2021-07-23 11:10:32,Ladakh,20284,19995,206,83,2.0
101,2021-07-24 11:07:35,Ladakh,20289,20015,207,67,5.0
102,2021-07-25 10:41:11,Ladakh,20296,20021,207,68,7.0
103,2021-07-26 08:40:40,Ladakh,20300,20026,207,67,4.0
104,2021-07-27 11:23:36,Ladakh,20309,20032,207,70,9.0
105,2021-07-28 10:06:15,Ladakh,20314,20037,207,70,5.0
106,2021-07-29 12:07:25,Ladakh,20320,20049,207,64,6.0
107,2021-07-30 09:44:19,Ladakh,20324,20057,207,60,4.0
108,2021-07-31 11:52:27,Ladakh,20328,20071,207,50,4.0
109,2021-08-01 14:12:19,Ladakh,20338,20075,207,56,10.0
110,2021-08-02 11:00:13,Ladakh,20348,20079,207,62,10.0
111,2021-08-02 19:09:08,Ladakh,20340,20076,207,57,-8.0
112,2021-08-03 11:54:42,Ladakh,20345,20081,207,57,5.0
113,2021-08-04 08:55:42,Ladakh,20365,20087,207,71,20.0
114,2021-08-05 11:57:40,Ladakh,20365,20091,207,67,0.0
115,2021-08-06 12:49:54,Ladakh,20369,20100,207,62,4.0
116,2021-08-07 09:35:26,Ladakh,20378,20106,207,65,9.0
117,2021-08-08 12:48:51,Ladakh,20385,20113,207,65,7.0
118,2021-08-09 09:52:39,Ladakh,20393,20117,207,69,8.0
119,2021-08-10 12:18:26,Ladakh,20400,20121,207,72,7.0
120,2021-08-11 10:22:19,Ladakh,20407,20130,207,70,7.0
121,2021-08-12 11:37:17,Ladakh,20417,20132,207,78,10.0
122,2021-08-14 16:15:50,Ladakh,20432,20156,207,69,15.0
123,2021-08-15 14:26:49,Ladakh,20441,20158,207,76,9.0
124,2021-08-16 12:05:51,Ladakh,20441,20162,213,66,0.0
125,2021-08-16 13:01:22,Ladakh,20447,20162,207,78,6.0
126,2021-08-17 09:36:46,Ladakh,20451,20171,207,73,4.0
127,2021-08-18 10:43:28,Ladakh,20462,20178,207,77,11.0
128,2021-08-19 10:08:19,Ladakh,20468,20186,207,75,6.0
129,2021-08-20 09:36:44,Ladakh,20472,20186,207,79,4.0
130,2021-08-20 12:08:09,Ladakh,20480,20192,207,81,8.0
131,2021-08-21 13:37:54,Ladakh,20483,20204,207,72,3.0
132,2021-08-22 14:00:44,Ladakh,20491,20216,207,68,8.0
133,2021-08-23 12:26:26,Ladakh,20491,20223,207,61,0.0
134,2021-08-24 12:27:14,Ladakh,20499,20229,207,63,8.0
135,2021-08-25 08:57:16,Ladakh,20500,20238,207,55,1.0
136,2021-08-26 10:52:08,Ladakh,20515,20244,207,64,15.0
137,2021-08-27 16:59:10,Ladakh,20522,20252,207,63,7.0
138,2021-08-28 12:08:58,Ladakh,20530,20259,207,64,8.0
139,2021-08-29 12:32:55,Ladakh,20544,20265,207,72,14.0
140,2021-08-30 14:06:19,Ladakh,20551,20273,207,71,7.0
141,2021-08-31 11:56:59,Ladakh,20555,20277,207,71,4.0
142,2021-09-01 12:55:32,Ladakh,20560,20284,207,69,5.0
143,2021-09-02 10:44:47,Ladakh,20567,20289,207,71,7.0
144,2021-09-03 10:31:05,Ladakh,20573,20298,207,68,6.0
145,2021-09-04 16:24:37,Ladakh,20576,20299,207,70,3.0
146,2021-09-05 11:22:52,Ladakh,20578,20312,207,59,2.0
147,2021-09-06 14:57:26,Ladakh,20583,20319,207,57,5.0
148,2021-09-07 11:50:05,Ladakh,20588,20327,207,54,5.0
149,2021-09-08 21:19:04,Ladakh,20593,20338,207,48,5.0
150,2021-09-09 13:20:12,Ladakh,20593,20347,207,39,0.0
151,2021-09-10 14:00:09,Ladakh,20596,20349,207,40,3.0
152,2021-09-11 12:49:05,Ladakh,20600,20354,207,39,4.0
153,2021-09-12 23:44:32,Ladakh,20601,20360,207,34,1.0
154,2021-09-13 15:03:25,Ladakh,20604,20367,207,30,3.0
155,2021-09-14 18:50:26,Ladakh,20608,20371,207,30,4.0
156,2021-09-15 13:51:03,Ladakh,20616,20373,207,36,8.0
