,Time,State,Confirmed,Recovered,Deaths,Active,New Cases
0,2021-04-22 22:52:30,Meghalaya,15488,14198,157,1133,
1,2021-04-23 20:33:08,Meghalaya,15631,14236,157,1238,143.0
2,2021-04-24 22:30:20,Meghalaya,15786,14384,158,1244,155.0
3,2021-04-25 19:30:29,Meghalaya,15994,14446,160,1388,208.0
4,2021-04-26 19:07:09,Meghalaya,16124,14560,161,1403,130.0
5,2021-04-27 22:30:35,Meghalaya,16271,14650,165,1456,147.0
6,2021-04-28 14:42:10,Meghalaya,16430,14788,167,1475,159.0
7,2021-04-29 17:30:50,Meghalaya,16617,14917,169,1531,187.0
8,2021-04-30 19:30:02,Meghalaya,16846,15083,171,1592,229.0
9,2021-05-01 22:25:29,Meghalaya,17108,15275,174,1659,262.0
10,2021-05-02 19:44:18,Meghalaya,17429,15429,179,1821,321.0
11,2021-05-03 18:21:08,Meghalaya,17675,15606,185,1884,246.0
12,2021-05-04 18:54:04,Meghalaya,18014,15810,185,2019,339.0
13,2021-05-05 17:39:51,Meghalaya,18283,15957,191,2135,269.0
14,2021-05-06 16:46:00,Meghalaya,18630,16086,193,2351,347.0
15,2021-05-07 18:17:50,Meghalaya,18927,16262,199,2466,297.0
16,2021-05-08 17:29:10,Meghalaya,19302,16414,210,2678,375.0
17,2021-05-09 16:34:40,Meghalaya,19720,16593,228,2899,418.0
18,2021-05-10 17:29:46,Meghalaya,20129,16834,233,3062,409.0
19,2021-05-11 16:10:27,Meghalaya,20579,17040,242,3297,450.0
20,2021-05-12 14:14:51,Meghalaya,20985,17354,250,3381,406.0
21,2021-05-13 19:05:21,Meghalaya,21576,17582,268,3726,591.0
22,2021-05-14 19:40:54,Meghalaya,22203,17909,280,4014,627.0
23,2021-05-15 18:57:50,Meghalaya,22763,18124,301,4338,560.0
24,2021-05-16 20:46:58,Meghalaya,23332,18478,320,4534,569.0
25,2021-05-17 19:08:26,Meghalaya,23966,18715,336,4915,634.0
26,2021-05-18 19:05:46,Meghalaya,24872,19185,355,5332,906.0
27,2021-05-19 20:46:08,Meghalaya,25744,19596,379,5769,872.0
28,2021-05-23 14:43:38,Meghalaya,28878,20989,435,7454,3134.0
29,2021-05-23 19:13:58,Meghalaya,29681,21542,457,7682,803.0
30,2021-05-24 18:23:25,Meghalaya,30492,22221,483,7788,811.0
31,2021-05-25 17:16:40,Meghalaya,31449,22976,502,7971,957.0
32,2021-05-26 16:42:42,Meghalaya,32295,23728,512,8055,846.0
33,2021-05-27 17:29:05,Meghalaya,33104,24325,524,8255,809.0
34,2021-05-28 17:00:35,Meghalaya,33835,25266,544,8025,731.0
35,2021-05-29 17:13:07,Meghalaya,34448,26156,551,7741,613.0
36,2021-05-30 19:19:18,Meghalaya,35190,27130,564,7496,742.0
37,2021-05-31 15:57:43,Meghalaya,35598,28107,578,6913,408.0
38,2021-06-01 17:39:03,Meghalaya,36065,28867,592,6606,467.0
39,2021-06-02 16:35:09,Meghalaya,36597,29578,616,6403,532.0
40,2021-06-03 19:35:50,Meghalaya,37149,30172,625,6352,552.0
41,2021-06-04 16:36:34,Meghalaya,37733,30980,643,6110,584.0
42,2021-06-05 20:09:02,Meghalaya,38230,31781,652,5797,497.0
43,2021-06-06 16:06:48,Meghalaya,38718,32471,664,5583,488.0
44,2021-06-07 14:44:48,Meghalaya,39156,33160,669,5327,438.0
45,2021-06-08 20:10:36,Meghalaya,39535,33933,678,4924,379.0
46,2021-06-09 16:51:03,Meghalaya,39983,34440,694,4849,448.0
47,2021-06-10 15:37:52,Meghalaya,40586,34867,704,5015,603.0
48,2021-06-11 15:21:09,Meghalaya,41100,35393,714,4993,514.0
49,2021-06-12 18:29:21,Meghalaya,41601,36003,727,4871,501.0
50,2021-06-13 13:21:55,Meghalaya,41906,36550,733,4623,305.0
51,2021-06-14 18:01:33,Meghalaya,42309,37037,743,4529,403.0
52,2021-06-15 14:38:45,Meghalaya,42759,37579,750,4430,450.0
53,2021-06-16 20:27:12,Meghalaya,43254,38032,758,4464,495.0
54,2021-06-17 15:28:15,Meghalaya,43732,38361,762,4609,478.0
55,2021-06-18 18:32:43,Meghalaya,44382,38792,771,4819,650.0
56,2021-06-19 19:22:53,Meghalaya,44896,39377,776,4743,514.0
57,2021-06-20 15:58:00,Meghalaya,45286,39919,780,4587,390.0
58,2021-06-20 22:45:17,Meghalaya,44896,39377,776,4743,-390.0
59,2021-06-20 23:01:27,Meghalaya,45286,39919,780,4587,390.0
60,2021-06-21 15:38:14,Meghalaya,45555,40574,785,4196,269.0
61,2021-06-22 19:02:01,Meghalaya,45976,40915,788,4273,421.0
62,2021-06-23 16:41:19,Meghalaya,46458,41349,797,4312,482.0
63,2021-06-24 15:40:58,Meghalaya,46878,41647,807,4424,420.0
64,2021-06-25 20:13:14,Meghalaya,47480,42001,814,4665,602.0
65,2021-06-26 17:13:07,Meghalaya,47985,42500,817,4668,505.0
66,2021-06-27 19:22:45,Meghalaya,48447,43070,819,4558,462.0
67,2021-06-28 16:24:32,Meghalaya,48783,43578,827,4378,336.0
68,2021-06-29 19:21:13,Meghalaya,49161,44067,831,4263,378.0
69,2021-06-30 15:10:45,Meghalaya,49513,44459,838,4216,352.0
70,2021-07-01 15:09:32,Meghalaya,50090,44709,844,4537,577.0
71,2021-07-02 16:33:41,Meghalaya,50575,45074,849,4652,485.0
72,2021-07-03 20:34:55,Meghalaya,51035,45596,855,4584,460.0
73,2021-07-05 08:13:55,Meghalaya,51524,46228,862,4434,489.0
74,2021-07-05 18:32:39,Meghalaya,51901,46676,871,4354,377.0
75,2021-07-06 18:56:16,Meghalaya,52358,47173,880,4305,457.0
76,2021-07-07 14:57:30,Meghalaya,52712,47597,886,4229,354.0
77,2021-07-08 11:34:37,Meghalaya,52358,47173,880,4305,-354.0
78,2021-07-08 11:50:56,Meghalaya,52712,47597,886,4229,354.0
79,2021-07-08 15:12:03,Meghalaya,53244,47963,890,4391,532.0
80,2021-07-09 17:43:07,Meghalaya,53670,48380,899,4391,426.0
81,2021-07-10 19:09:49,Meghalaya,54155,48886,906,4363,485.0
82,2021-07-11 17:50:34,Meghalaya,54580,49307,908,4365,425.0
83,2021-07-12 18:00:07,Meghalaya,54853,49830,913,4110,273.0
84,2021-07-13 17:05:46,Meghalaya,55218,50336,918,3964,365.0
85,2021-07-14 18:40:01,Meghalaya,55640,50794,921,3925,422.0
86,2021-07-15 19:23:08,Meghalaya,56052,51132,926,3994,412.0
87,2021-07-16 21:10:35,Meghalaya,56493,51396,931,4166,441.0
88,2021-07-17 19:50:46,Meghalaya,57000,51981,939,4080,507.0
89,2021-07-18 18:43:28,Meghalaya,57388,52464,945,3979,388.0
90,2021-07-19 18:55:57,Meghalaya,57775,52787,955,4033,387.0
91,2021-07-20 18:47:54,Meghalaya,58275,53263,968,4044,500.0
92,2021-07-21 20:15:15,Meghalaya,58833,53638,974,4221,558.0
93,2021-07-22 19:21:42,Meghalaya,59346,53945,988,4413,513.0
94,2021-07-23 19:44:34,Meghalaya,59904,54356,1009,4539,558.0
95,2021-07-24 19:12:52,Meghalaya,60597,54875,1014,4708,693.0
96,2021-07-25 18:26:28,Meghalaya,61194,55163,1024,5007,597.0
97,2021-07-26 18:59:51,Meghalaya,61763,55648,1031,5084,569.0
98,2021-07-27 18:39:15,Meghalaya,62473,56101,1040,5332,710.0
99,2021-07-28 18:55:53,Meghalaya,63014,56510,1048,5456,541.0
100,2021-07-29 20:23:22,Meghalaya,63745,56933,1062,5750,731.0
101,2021-07-30 19:16:00,Meghalaya,64314,57450,1073,5791,569.0
102,2021-07-31 20:01:46,Meghalaya,65000,57949,1085,5966,686.0
103,2021-08-01 19:29:10,Meghalaya,65589,58450,1096,6043,589.0
104,2021-08-02 19:08:58,Meghalaya,65939,58987,1109,5843,350.0
105,2021-08-03 18:38:10,Meghalaya,66495,59803,1118,5574,556.0
106,2021-08-04 19:47:28,Meghalaya,67016,60375,1125,5516,521.0
107,2021-08-05 19:33:17,Meghalaya,67592,60885,1133,5574,576.0
108,2021-08-06 18:15:29,Meghalaya,68107,61445,1147,5515,515.0
109,2021-08-07 19:34:00,Meghalaya,68631,62154,1154,5323,524.0
110,2021-08-08 18:35:34,Meghalaya,69171,62971,1163,5037,540.0
111,2021-08-09 18:20:38,Meghalaya,69358,63450,1174,4734,187.0
112,2021-08-10 19:47:49,Meghalaya,69769,64157,1185,4427,411.0
113,2021-08-11 19:22:28,Meghalaya,70232,64541,1195,4496,463.0
114,2021-08-12 18:44:56,Meghalaya,70661,64922,1200,4539,429.0
115,2021-08-14 16:15:42,Meghalaya,71045,65319,1213,4513,384.0
116,2021-08-14 19:36:21,Meghalaya,71388,66237,1220,3931,343.0
117,2021-08-15 20:45:07,Meghalaya,71808,66515,1227,4066,420.0
118,2021-08-16 19:14:28,Meghalaya,72160,67164,1235,3761,352.0
119,2021-08-17 21:27:12,Meghalaya,72412,67581,1240,3591,252.0
120,2021-08-18 20:18:48,Meghalaya,72656,67999,1252,3405,244.0
121,2021-08-19 20:03:17,Meghalaya,72985,68307,1257,3421,329.0
122,2021-08-20 21:05:05,Meghalaya,73217,68583,1261,3373,232.0
123,2021-08-21 18:28:50,Meghalaya,73448,69043,1269,3136,231.0
124,2021-08-22 18:34:07,Meghalaya,73765,69425,1278,3062,317.0
125,2021-08-23 17:14:37,Meghalaya,74070,69859,1281,2930,305.0
126,2021-08-24 18:50:35,Meghalaya,74232,70127,1285,2820,162.0
127,2021-08-25 17:14:17,Meghalaya,74586,70479,1292,2815,354.0
128,2021-08-26 16:23:13,Meghalaya,74817,70841,1294,2682,231.0
129,2021-08-27 18:50:49,Meghalaya,75079,71120,1296,2663,262.0
130,2021-08-28 16:03:21,Meghalaya,75336,71327,1299,2710,257.0
131,2021-08-29 19:17:29,Meghalaya,75601,71659,1306,2636,265.0
132,2021-08-30 17:00:31,Meghalaya,75735,71919,1307,2509,134.0
133,2021-08-31 17:13:26,Meghalaya,75836,72199,1311,2326,101.0
134,2021-09-01 16:23:45,Meghalaya,76100,72522,1315,2263,264.0
135,2021-09-02 18:53:55,Meghalaya,76311,72714,1322,2275,211.0
136,2021-09-03 16:15:00,Meghalaya,76504,67015,166,9323,193.0
137,2021-09-03 18:12:47,Meghalaya,76504,72886,1323,2295,0.0
138,2021-09-04 20:46:53,Meghalaya,76767,73236,1325,2206,263.0
139,2021-09-05 21:11:34,Meghalaya,77021,73458,1329,2234,254.0
140,2021-09-06 14:57:12,Meghalaya,77144,73711,1329,2104,123.0
141,2021-09-07 20:56:08,Meghalaya,77280,74018,1333,1929,136.0
142,2021-09-08 21:18:54,Meghalaya,77471,74246,1337,1888,191.0
143,2021-09-09 16:05:39,Meghalaya,77689,74380,1339,1970,218.0
144,2021-09-10 22:14:59,Meghalaya,77877,74524,1346,2007,188.0
145,2021-09-11 18:37:42,Meghalaya,78015,74750,1352,1913,138.0
146,2021-09-12 23:44:22,Meghalaya,78133,74964,1356,1813,118.0
147,2021-09-13 15:03:23,Meghalaya,78359,75141,1359,1859,226.0
148,2021-09-13 23:01:25,Meghalaya,78133,74964,1356,1813,-226.0
149,2021-09-14 08:48:23,Meghalaya,78359,75141,1359,1859,226.0
150,2021-09-14 18:50:20,Meghalaya,78486,75436,1361,1689,127.0
151,2021-09-15 16:21:48,Meghalaya,78729,75698,1367,1664,243.0
152,2021-09-16 20:33:43,Meghalaya,78958,75784,1370,1804,229.0
153,2021-09-17 14:03:13,Meghalaya,79206,75883,1371,1952,248.0
154,2021-09-18 22:46:01,Meghalaya,79325,76075,1374,1876,119.0
155,2021-09-19 14:44:59,Meghalaya,79493,76223,1379,1891,168.0
156,2021-09-20 17:21:34,Meghalaya,79667,76391,1380,1896,174.0
157,2021-09-21 17:41:21,Meghalaya,79817,76558,1381,1878,150.0
158,2021-09-22 17:25:32,Meghalaya,79983,76730,1385,1868,166.0
159,2021-09-23 18:36:44,Meghalaya,80246,76892,1386,1968,263.0
160,2021-09-24 13:25:48,Meghalaya,80430,77051,1389,1990,184.0
161,2021-09-25 20:50:22,Meghalaya,80638,77302,1391,1945,208.0
162,2021-09-26 18:08:54,Meghalaya,80789,77520,1392,1877,151.0
163,2021-09-27 18:28:54,Meghalaya,80897,77750,1395,1752,108.0
