,Time,State,Confirmed,Recovered,Deaths,Active,New Cases
0,2021-04-22 22:46:50,Punjab,319719,270946,8189,40584,
1,2021-04-23 21:41:44,Punjab,326447,274240,8264,43943,6728.0
2,2021-04-24 21:41:13,Punjab,332110,277189,8356,46565,5663.0
3,2021-04-25 22:29:37,Punjab,339090,282504,8432,48154,6980.0
4,2021-04-26 22:20:53,Punjab,345366,286942,8530,49894,6276.0
5,2021-04-27 22:30:16,Punjab,351282,290716,8630,51936,5916.0
6,2021-04-28 22:33:01,Punjab,358186,295988,8772,53426,6904.0
7,2021-04-29 21:41:21,Punjab,364910,301047,8909,54954,6724.0
8,2021-04-30 22:26:46,Punjab,370973,306153,9022,55798,6063.0
9,2021-05-01 22:26:28,Punjab,377990,310601,9160,58229,7017.0
10,2021-05-02 21:41:43,Punjab,385270,315845,9317,60108,7280.0
11,2021-05-03 22:28:14,Punjab,392042,321861,9472,60709,6772.0
12,2021-05-04 21:40:33,Punjab,399556,327976,9645,61935,7514.0
13,2021-05-05 22:25:20,Punjab,407509,334677,9825,63007,7953.0
14,2021-05-06 21:41:40,Punjab,416350,339803,9979,66568,8841.0
15,2021-05-07 22:25:30,Punjab,424647,344779,10144,69724,8297.0
16,2021-05-08 21:38:49,Punjab,433689,351426,10315,71948,9042.0
17,2021-05-09 23:14:18,Punjab,442125,357276,10506,74343,8436.0
18,2021-05-10 21:32:35,Punjab,450674,364170,10704,75800,8549.0
19,2021-05-12 10:41:22,Punjab,459268,371494,10918,76856,8594.0
20,2021-05-12 22:32:04,Punjab,467539,376465,11111,79963,8271.0
21,2021-05-13 22:30:36,Punjab,475949,384702,11297,79950,8410.0
22,2021-05-14 22:29:31,Punjab,483984,393148,11477,79359,8035.0
23,2021-05-15 21:44:04,Punjab,490755,401273,11693,77789,6771.0
24,2021-05-16 21:42:58,Punjab,497705,410332,11895,75478,6950.0
25,2021-05-17 23:22:58,Punjab,504586,418884,12086,73616,6881.0
26,2021-05-18 22:30:11,Punjab,511652,427058,12317,72277,7066.0
27,2021-05-19 21:45:53,Punjab,517954,434930,12525,70499,6302.0
28,2021-05-23 14:41:47,Punjab,533973,459681,13089,61203,16019.0
29,2021-05-24 12:43:31,Punjab,538994,468208,13281,57505,5021.0
30,2021-05-25 11:01:51,Punjab,543475,475011,13468,54996,4481.0
31,2021-05-26 10:00:01,Punjab,548231,481462,13642,53127,4756.0
32,2021-05-26 23:32:21,Punjab,552235,487859,13827,50549,4004.0
33,2021-05-27 22:14:40,Punjab,556089,493854,14004,48231,3854.0
34,2021-05-28 22:04:42,Punjab,559795,500651,14180,44964,3706.0
35,2021-05-30 10:24:27,Punjab,562831,506349,14305,42177,3036.0
36,2021-05-30 20:53:34,Punjab,565415,511720,14432,39263,2584.0
37,2021-06-01 11:00:16,Punjab,567607,516624,14550,36433,2192.0
38,2021-06-02 10:00:29,Punjab,569756,521663,14649,33444,2149.0
39,2021-06-03 12:49:01,Punjab,571970,526089,14748,31133,2214.0
40,2021-06-03 22:55:58,Punjab,574114,530601,14840,28673,2144.0
41,2021-06-04 23:31:25,Punjab,576119,534915,14927,26277,2005.0
42,2021-06-06 11:09:39,Punjab,577997,538534,15009,24454,1878.0
43,2021-06-06 21:45:44,Punjab,579560,542324,15076,22160,1563.0
44,2021-06-08 00:05:39,Punjab,580829,545674,15160,19995,1269.0
45,2021-06-09 08:23:22,Punjab,582081,548316,15219,18546,1252.0
46,2021-06-09 23:37:32,Punjab,583474,550837,15293,17344,1393.0
47,2021-06-10 22:22:28,Punjab,584785,553174,15367,16244,1311.0
48,2021-06-11 22:07:51,Punjab,585986,555245,15435,15306,1201.0
49,2021-06-13 10:22:10,Punjab,586947,557380,15503,14064,961.0
50,2021-06-14 08:15:32,Punjab,587903,559360,15562,12981,956.0
51,2021-06-14 21:31:57,Punjab,588525,561010,15602,11913,622.0
52,2021-06-15 21:47:42,Punjab,589153,562701,15650,10802,628.0
53,2021-06-17 08:34:54,Punjab,589828,564084,15698,10046,675.0
54,2021-06-18 08:08:36,Punjab,590556,565339,15738,9479,728.0
55,2021-06-18 21:54:48,Punjab,591168,566568,15771,8829,612.0
56,2021-06-19 23:41:48,Punjab,591762,567883,15802,8077,594.0
57,2021-06-21 07:45:12,Punjab,592303,569056,15826,7421,541.0
58,2021-06-22 09:48:23,Punjab,592658,570327,15854,6477,355.0
59,2021-06-23 08:15:31,Punjab,593063,571207,15888,5968,405.0
60,2021-06-23 21:22:23,Punjab,593572,572008,15923,5641,509.0
61,2021-06-24 21:39:46,Punjab,593941,572723,15944,5274,369.0
62,2021-06-25 22:07:18,Punjab,594279,573491,15956,4832,338.0
63,2021-06-26 22:33:22,Punjab,594586,574231,15974,4381,307.0
64,2021-06-26 22:41:20,Punjab,594586,574231,15979,4376,0.0
65,2021-06-28 08:08:46,Punjab,594883,574872,15991,4020,297.0
66,2021-06-28 22:18:27,Punjab,595136,575486,16011,3639,253.0
67,2021-06-29 21:13:34,Punjab,595347,575958,16033,3356,211.0
68,2021-06-29 21:22:01,Punjab,595351,575971,16033,3347,4.0
69,2021-07-01 10:39:35,Punjab,595609,576423,16052,3134,258.0
70,2021-07-02 08:57:30,Punjab,595899,576866,16072,2961,290.0
71,2021-07-03 10:15:41,Punjab,596094,577256,16086,2752,195.0
72,2021-07-04 10:46:47,Punjab,596265,577624,16103,2538,171.0
73,2021-07-04 23:35:36,Punjab,596416,577982,16110,2324,151.0
74,2021-07-06 08:32:47,Punjab,596550,578310,16122,2118,134.0
75,2021-07-07 08:45:27,Punjab,596736,578590,16131,2015,186.0
76,2021-07-07 21:47:44,Punjab,596970,578865,16141,1964,234.0
77,2021-07-08 11:36:45,Punjab,596736,578590,16131,2015,-234.0
78,2021-07-08 11:50:01,Punjab,596970,578865,16141,1964,234.0
79,2021-07-08 21:59:34,Punjab,597195,579111,16157,1927,225.0
80,2021-07-09 23:49:27,Punjab,597347,579370,16168,1809,152.0
81,2021-07-10 22:34:21,Punjab,597469,579618,16177,1674,122.0
82,2021-07-12 10:25:42,Punjab,597598,579829,16186,1583,129.0
83,2021-07-13 12:44:05,Punjab,597714,580027,16193,1494,116.0
84,2021-07-14 08:48:20,Punjab,597821,580195,16199,1427,107.0
85,2021-07-14 20:54:00,Punjab,597929,580336,16207,1386,108.0
86,2021-07-15 20:55:09,Punjab,598011,580473,16211,1327,82.0
87,2021-07-15 21:01:48,Punjab,598027,580483,16212,1332,16.0
88,2021-07-16 21:35:32,Punjab,598130,580677,16215,1238,103.0
89,2021-07-17 22:18:51,Punjab,598248,580871,16224,1153,118.0
90,2021-07-18 21:33:48,Punjab,598334,581055,16233,1046,86.0
91,2021-07-19 22:45:01,Punjab,598387,581197,16237,953,53.0
92,2021-07-21 10:35:51,Punjab,598455,581312,16244,899,68.0
93,2021-07-21 22:33:24,Punjab,598521,581406,16246,869,66.0
94,2021-07-22 20:31:14,Punjab,598590,581529,16250,811,69.0
95,2021-07-23 21:22:08,Punjab,598658,581634,16256,768,68.0
96,2021-07-24 21:31:24,Punjab,598741,581712,16258,771,83.0
97,2021-07-26 08:40:03,Punjab,598794,581829,16266,699,53.0
98,2021-07-26 20:54:04,Punjab,598840,581925,16278,637,46.0
99,2021-07-28 09:03:39,Punjab,598882,582018,16281,583,42.0
100,2021-07-28 21:45:15,Punjab,598947,582102,16286,559,65.0
101,2021-07-29 20:58:54,Punjab,599005,582162,16290,553,58.0
102,2021-07-30 21:08:48,Punjab,599053,582217,16292,544,48.0
103,2021-07-31 22:33:49,Punjab,599104,582277,16293,534,51.0
104,2021-08-01 21:51:06,Punjab,599130,582332,16294,504,26.0
105,2021-08-03 09:08:05,Punjab,599162,582395,16294,473,32.0
106,2021-08-03 21:19:15,Punjab,599204,582442,16299,463,42.0
107,2021-08-04 21:40:10,Punjab,599266,582494,16299,473,62.0
108,2021-08-05 22:09:17,Punjab,599304,582539,16301,464,38.0
109,2021-08-06 21:08:51,Punjab,599365,582580,16312,473,61.0
110,2021-08-08 09:38:52,Punjab,599428,582654,16313,461,63.0
111,2021-08-09 08:56:22,Punjab,599482,582710,16316,456,54.0
112,2021-08-10 08:30:58,Punjab,599514,582753,16320,441,32.0
113,2021-08-11 08:13:48,Punjab,599573,582791,16322,460,59.0
114,2021-08-12 08:30:14,Punjab,599678,582836,16325,517,105.0
115,2021-08-12 22:07:28,Punjab,599758,582891,16334,533,80.0
116,2021-08-14 16:15:00,Punjab,599846,582944,16334,568,88.0
117,2021-08-14 21:05:57,Punjab,599896,582984,16340,572,50.0
118,2021-08-16 09:41:24,Punjab,599942,583023,16342,577,46.0
119,2021-08-16 21:29:46,Punjab,599972,583071,16344,557,30.0
120,2021-08-18 10:24:55,Punjab,600008,583120,16345,543,36.0
121,2021-08-18 21:40:18,Punjab,600060,583170,16345,545,52.0
122,2021-08-19 21:27:03,Punjab,600123,583205,16347,571,63.0
123,2021-08-20 21:04:32,Punjab,600180,583291,16351,538,57.0
124,2021-08-22 13:59:12,Punjab,600225,583380,16352,493,45.0
125,2021-08-22 23:18:42,Punjab,600266,583426,16352,488,41.0
126,2021-08-24 09:39:07,Punjab,600292,583518,16353,421,26.0
127,2021-08-25 13:00:44,Punjab,600342,583564,16355,423,50.0
128,2021-08-25 22:51:07,Punjab,600378,583619,16358,401,36.0
129,2021-08-26 22:12:08,Punjab,600420,583651,16362,407,42.0
130,2021-08-27 22:49:42,Punjab,600463,583689,16364,410,43.0
131,2021-08-28 21:26:51,Punjab,600514,583743,16366,405,51.0
132,2021-08-29 21:01:47,Punjab,600551,583790,16369,392,37.0
133,2021-08-31 11:56:23,Punjab,600576,583844,16373,359,25.0
134,2021-08-31 22:10:12,Punjab,600614,583859,16431,324,38.0
135,2021-09-02 10:44:06,Punjab,600651,583887,16434,330,37.0
136,2021-09-03 10:30:38,Punjab,600715,583927,16435,353,64.0
137,2021-09-04 16:24:10,Punjab,600745,583957,16437,351,30.0
138,2021-09-05 11:22:32,Punjab,600780,583997,16439,344,35.0
139,2021-09-05 21:11:05,Punjab,600813,584033,16439,341,33.0
140,2021-09-07 11:48:47,Punjab,600849,584079,16444,326,36.0
141,2021-09-07 20:55:20,Punjab,600877,584110,16447,320,28.0
142,2021-09-09 13:19:38,Punjab,600914,584146,16449,319,37.0
143,2021-09-09 21:26:01,Punjab,600940,584169,16451,320,26.0
144,2021-09-11 12:48:31,Punjab,600970,584194,16453,323,30.0
145,2021-09-12 23:43:27,Punjab,601009,584237,16453,319,39.0
146,2021-09-13 15:03:10,Punjab,601040,584281,16453,306,31.0
147,2021-09-13 20:34:37,Punjab,601072,584306,16457,309,32.0
148,2021-09-13 23:00:54,Punjab,601040,584281,16453,306,-32.0
149,2021-09-14 08:47:53,Punjab,601072,584306,16457,309,32.0
150,2021-09-14 21:04:09,Punjab,601109,584326,16464,319,37.0
151,2021-09-16 09:53:50,Punjab,601150,584361,16464,325,41.0
152,2021-09-17 10:59:48,Punjab,601180,584399,16467,314,30.0
153,2021-09-17 22:13:10,Punjab,601206,584430,16467,309,26.0
154,2021-09-18 22:45:44,Punjab,601236,584453,16467,316,30.0
155,2021-09-20 13:17:11,Punjab,601264,584479,16468,317,28.0
156,2021-09-21 09:32:55,Punjab,601323,584517,16499,307,59.0
157,2021-09-22 09:11:03,Punjab,601359,584554,16501,304,36.0
158,2021-09-23 14:32:08,Punjab,601401,584580,16501,320,42.0
159,2021-09-24 08:21:02,Punjab,601422,584619,16503,300,21.0
160,2021-09-25 11:57:08,Punjab,601444,584653,16504,287,22.0
