,Time,State,Confirmed,Recovered,Deaths,Active,New Cases
0,2021-04-22 22:46:06,Uttar Pradesh,976765,706414,10541,259810,
1,2021-04-23 19:04:16,Uttar Pradesh,1013370,728980,10737,273653,36605.0
2,2021-04-24 18:22:16,Uttar Pradesh,1051314,752211,10959,288144,37944.0
3,2021-04-25 19:04:10,Uttar Pradesh,1086625,777844,11165,297616,35311.0
4,2021-04-26 20:44:38,Uttar Pradesh,1120176,804563,11414,304199,33551.0
5,2021-04-27 19:40:34,Uttar Pradesh,1153097,834961,11678,306458,32921.0
6,2021-04-28 19:33:40,Uttar Pradesh,1182848,870864,11943,300041,29751.0
7,2021-04-29 18:58:23,Uttar Pradesh,1217952,896477,12238,309237,35104.0
8,2021-04-30 21:41:35,Uttar Pradesh,1252324,928971,12570,310783,34372.0
9,2021-05-01 20:34:56,Uttar Pradesh,1282504,967797,12874,301833,30180.0
10,2021-05-02 20:10:27,Uttar Pradesh,1313361,1004447,13162,295752,30857.0
11,2021-05-03 19:02:24,Uttar Pradesh,1342413,1043134,13447,285832,29052.0
12,2021-05-04 19:31:12,Uttar Pradesh,1361075,1075354,13766,271955,18662.0
13,2021-05-04 19:43:46,Uttar Pradesh,1367478,1080504,13798,273176,6403.0
14,2021-05-04 20:35:41,Uttar Pradesh,1368183,1081817,13798,272568,705.0
15,2021-05-05 22:24:52,Uttar Pradesh,1399294,1122669,14151,262474,31111.0
16,2021-05-06 18:19:38,Uttar Pradesh,1425916,1151571,14501,259844,26622.0
17,2021-05-07 20:32:07,Uttar Pradesh,1453679,1184688,14873,254118,27763.0
18,2021-05-08 19:28:58,Uttar Pradesh,1477866,1217236,15150,245480,24187.0
19,2021-05-08 20:29:56,Uttar Pradesh,1478226,1217722,15159,245345,360.0
20,2021-05-08 20:39:53,Uttar Pradesh,1479556,1219409,15170,244977,1330.0
21,2021-05-08 20:59:23,Uttar Pradesh,1479528,1219409,15170,244949,-28.0
22,2021-05-08 21:11:23,Uttar Pradesh,1480315,1219409,15170,245736,787.0
23,2021-05-09 20:29:16,Uttar Pradesh,1503490,1254045,15464,233981,23175.0
24,2021-05-10 20:44:17,Uttar Pradesh,1524388,1282951,15739,225698,20898.0
25,2021-05-10 21:32:12,Uttar Pradesh,1524767,1283754,15742,225271,379.0
26,2021-05-12 10:40:40,Uttar Pradesh,1545212,1313112,16043,216057,20445.0
27,2021-05-13 10:15:56,Uttar Pradesh,1563235,1340251,16369,206615,18023.0
28,2021-05-13 17:08:20,Uttar Pradesh,1580980,1359676,16646,204658,17745.0
29,2021-05-14 22:30:22,Uttar Pradesh,1596627,1385855,16957,193815,15647.0
30,2021-05-15 18:58:18,Uttar Pradesh,1606892,1409452,17163,180277,10265.0
31,2021-05-15 19:29:55,Uttar Pradesh,1609140,1414259,17238,177643,2248.0
32,2021-05-16 20:47:34,Uttar Pradesh,1619645,1439096,17546,163003,10505.0
33,2021-05-17 19:08:58,Uttar Pradesh,1628990,1462141,17817,149032,9345.0
34,2021-05-18 19:05:10,Uttar Pradesh,1637663,1483249,18072,136342,8673.0
35,2021-05-19 20:43:17,Uttar Pradesh,1644849,1502918,18352,123579,7186.0
36,2021-05-23 14:39:56,Uttar Pradesh,1665176,1551716,18978,94482,20327.0
37,2021-05-23 19:11:49,Uttar Pradesh,1669891,1565802,19209,84880,4715.0
38,2021-05-24 19:50:29,Uttar Pradesh,1673785,1577720,19362,76703,3894.0
39,2021-05-25 21:29:37,Uttar Pradesh,1677508,1588161,19519,69828,3723.0
40,2021-05-26 21:45:23,Uttar Pradesh,1680684,1598701,19712,62271,3176.0
41,2021-05-27 22:14:08,Uttar Pradesh,1683880,1605693,19899,58288,3196.0
42,2021-05-28 09:38:36,Uttar Pradesh,1683862,1605696,19899,58267,-18.0
43,2021-05-28 22:04:08,Uttar Pradesh,1686138,1613841,20053,52244,2276.0
44,2021-05-29 19:22:13,Uttar Pradesh,1685214,1619858,20173,45183,-924.0
45,2021-05-29 20:16:28,Uttar Pradesh,1688132,1621723,20208,46201,2918.0
46,2021-05-30 10:23:55,Uttar Pradesh,1688152,1621743,20208,46201,20.0
47,2021-05-30 20:14:22,Uttar Pradesh,1690016,1628456,20346,41214,1864.0
48,2021-05-31 20:53:57,Uttar Pradesh,1691488,1633947,20497,37044,1472.0
49,2021-06-01 21:44:02,Uttar Pradesh,1692709,1639572,20672,32465,1221.0
50,2021-06-02 20:43:27,Uttar Pradesh,1693992,1644511,20787,28694,1283.0
51,2021-06-03 20:22:06,Uttar Pradesh,1695212,1648771,20895,25546,1220.0
52,2021-06-04 18:03:37,Uttar Pradesh,1696324,1652417,21031,22876,1112.0
53,2021-06-05 20:07:16,Uttar Pradesh,1697352,1656763,21151,19438,1028.0
54,2021-06-06 19:20:41,Uttar Pradesh,1698389,1659209,21252,17928,1037.0
55,2021-06-07 20:31:06,Uttar Pradesh,1699083,1662069,21333,15681,694.0
56,2021-06-09 08:22:52,Uttar Pradesh,1699788,1664296,21425,14067,705.0
57,2021-06-09 23:36:58,Uttar Pradesh,1700476,1666001,21516,12959,688.0
58,2021-06-10 17:17:10,Uttar Pradesh,1701064,1667183,21597,12284,588.0
59,2021-06-10 17:24:48,Uttar Pradesh,1701072,1667232,21597,12243,8.0
60,2021-06-11 21:22:35,Uttar Pradesh,1701668,1668874,21667,11127,596.0
61,2021-06-12 20:10:11,Uttar Pradesh,1702172,1670631,21735,9806,504.0
62,2021-06-13 19:07:04,Uttar Pradesh,1702622,1671844,21786,8992,450.0
63,2021-06-13 19:16:28,Uttar Pradesh,1702627,1671870,21786,8971,5.0
64,2021-06-13 19:24:25,Uttar Pradesh,1702624,1671852,21786,8986,-3.0
65,2021-06-14 18:57:04,Uttar Pradesh,1702937,1672968,21858,8111,313.0
66,2021-06-15 20:55:38,Uttar Pradesh,1703227,1674072,21914,7241,290.0
67,2021-06-15 21:03:35,Uttar Pradesh,1703207,1674072,21914,7221,-20.0
68,2021-06-17 08:34:12,Uttar Pradesh,1703458,1674999,21963,6496,251.0
69,2021-06-18 08:07:40,Uttar Pradesh,1703733,1675684,22030,6019,275.0
70,2021-06-18 18:48:13,Uttar Pradesh,1703882,1676458,22081,5343,149.0
71,2021-06-19 20:01:03,Uttar Pradesh,1704127,1677042,22132,4953,245.0
72,2021-06-19 20:11:05,Uttar Pradesh,1704139,1677050,22132,4957,12.0
73,2021-06-20 21:06:04,Uttar Pradesh,1704357,1677611,22178,4568,218.0
74,2021-06-20 21:14:08,Uttar Pradesh,1704358,1677611,22178,4569,1.0
75,2021-06-20 22:46:28,Uttar Pradesh,1704139,1677050,22132,4957,-219.0
76,2021-06-20 23:02:37,Uttar Pradesh,1704358,1677611,22178,4569,219.0
77,2021-06-21 20:10:14,Uttar Pradesh,1704471,1678089,22224,4158,113.0
78,2021-06-21 20:18:18,Uttar Pradesh,1704476,1678089,22224,4163,5.0
79,2021-06-22 21:29:28,Uttar Pradesh,1704678,1678486,22282,3910,202.0
80,2021-06-23 20:10:24,Uttar Pradesh,1704787,1678789,22336,3662,109.0
81,2021-06-23 20:19:53,Uttar Pradesh,1704790,1678788,22336,3666,3.0
82,2021-06-24 21:23:20,Uttar Pradesh,1705010,1679091,22364,3555,220.0
83,2021-06-24 21:31:20,Uttar Pradesh,1705014,1679096,22366,3552,4.0
84,2021-06-25 20:57:40,Uttar Pradesh,1705211,1679411,22380,3420,197.0
85,2021-06-25 21:06:55,Uttar Pradesh,1705216,1679416,22381,3419,5.0
86,2021-06-25 21:14:52,Uttar Pradesh,1705220,1679416,22381,3423,4.0
87,2021-06-26 18:00:55,Uttar Pradesh,1705370,1679724,22442,3204,150.0
88,2021-06-26 18:08:50,Uttar Pradesh,1705384,1679744,22443,3197,14.0
89,2021-06-28 08:08:16,Uttar Pradesh,1705596,1679913,22518,3165,212.0
90,2021-06-28 22:35:30,Uttar Pradesh,1705779,1680174,22559,3046,183.0
91,2021-06-29 20:21:21,Uttar Pradesh,1705951,1680428,22577,2946,172.0
92,2021-07-01 10:38:58,Uttar Pradesh,1706107,1680720,22591,2796,156.0
93,2021-07-02 22:12:49,Uttar Pradesh,1706252,1680980,22601,2671,145.0
94,2021-07-03 10:14:29,Uttar Pradesh,1706384,1681208,22616,2560,132.0
95,2021-07-03 21:29:20,Uttar Pradesh,1706494,1681409,22622,2463,110.0
96,2021-07-03 21:39:25,Uttar Pradesh,1706495,1681412,22622,2461,1.0
97,2021-07-04 23:33:49,Uttar Pradesh,1706621,1681717,22640,2264,126.0
98,2021-07-05 20:22:28,Uttar Pradesh,1706739,1681912,22646,2181,118.0
99,2021-07-07 08:44:59,Uttar Pradesh,1706818,1682130,22656,2032,79.0
100,2021-07-07 21:08:49,Uttar Pradesh,1706934,1682321,22666,1947,116.0
101,2021-07-08 11:35:52,Uttar Pradesh,1706818,1682130,22656,2032,-116.0
102,2021-07-08 11:49:09,Uttar Pradesh,1706934,1682321,22666,1947,116.0
103,2021-07-08 20:57:25,Uttar Pradesh,1707044,1682579,22676,1789,110.0
104,2021-07-09 21:15:46,Uttar Pradesh,1707127,1682738,22689,1700,83.0
105,2021-07-09 21:25:11,Uttar Pradesh,1707127,1682741,22689,1697,0.0
106,2021-07-10 20:45:44,Uttar Pradesh,1707225,1682924,22693,1608,98.0
107,2021-07-11 19:32:44,Uttar Pradesh,1707350,1683058,22698,1594,125.0
108,2021-07-13 12:43:01,Uttar Pradesh,1707446,1683170,22700,1576,96.0
109,2021-07-14 08:47:46,Uttar Pradesh,1707502,1683319,22704,1479,56.0
110,2021-07-15 09:01:39,Uttar Pradesh,1707585,1683453,22704,1428,83.0
111,2021-07-15 20:05:36,Uttar Pradesh,1707655,1683551,22705,1399,70.0
112,2021-07-16 21:08:34,Uttar Pradesh,1707741,1683691,22711,1339,86.0
113,2021-07-17 22:28:14,Uttar Pradesh,1707822,1683797,22715,1310,81.0
114,2021-07-18 20:56:11,Uttar Pradesh,1707847,1683866,22721,1260,25.0
115,2021-07-19 22:46:04,Uttar Pradesh,1707884,1683968,22728,1188,37.0
116,2021-07-21 10:35:16,Uttar Pradesh,1707953,1684123,22737,1093,69.0
117,2021-07-21 22:42:32,Uttar Pradesh,1708005,1684230,22739,1036,52.0
118,2021-07-23 10:15:36,Uttar Pradesh,1708057,1684286,22743,1028,52.0
119,2021-07-24 09:05:04,Uttar Pradesh,1708114,1684372,22748,994,57.0
120,2021-07-24 22:55:11,Uttar Pradesh,1708148,1684457,22748,943,34.0
121,2021-07-24 23:03:54,Uttar Pradesh,1708152,1684471,22749,932,4.0
122,2021-07-26 08:39:34,Uttar Pradesh,1708155,1684537,22750,868,3.0
123,2021-07-26 20:13:11,Uttar Pradesh,1708205,1684601,22750,854,50.0
124,2021-07-27 08:38:43,Uttar Pradesh,1708208,1684601,22750,857,3.0
125,2021-07-27 22:33:40,Uttar Pradesh,1708226,1684674,22754,798,18.0
126,2021-07-28 21:43:43,Uttar Pradesh,1708313,1684790,22755,768,87.0
127,2021-07-29 21:17:33,Uttar Pradesh,1708373,1684834,22752,787,60.0
128,2021-07-30 21:51:26,Uttar Pradesh,1708409,1684921,22756,732,36.0
129,2021-07-30 22:01:03,Uttar Pradesh,1708409,1684922,22756,731,0.0
130,2021-07-30 22:11:06,Uttar Pradesh,1708410,1684925,22756,729,1.0
131,2021-08-01 14:11:12,Uttar Pradesh,1708441,1684973,22756,712,31.0
132,2021-08-01 22:42:40,Uttar Pradesh,1708476,1685049,22763,664,35.0
133,2021-08-03 09:07:26,Uttar Pradesh,1708500,1685091,22763,646,24.0
134,2021-08-03 21:28:01,Uttar Pradesh,1708562,1685125,22765,672,62.0
135,2021-08-04 19:46:27,Uttar Pradesh,1708623,1685170,22767,686,61.0
136,2021-08-06 09:15:09,Uttar Pradesh,1708649,1685220,22770,659,26.0
137,2021-08-06 21:09:49,Uttar Pradesh,1708689,1685299,22771,619,40.0
138,2021-08-08 09:38:23,Uttar Pradesh,1708716,1685357,22773,586,27.0
139,2021-08-08 19:53:58,Uttar Pradesh,1708771,1685406,22773,592,55.0
140,2021-08-08 20:03:11,Uttar Pradesh,1708772,1685406,22773,593,1.0
141,2021-08-10 08:30:22,Uttar Pradesh,1708793,1685449,22774,570,21.0
142,2021-08-11 08:13:09,Uttar Pradesh,1708812,1685492,22775,545,19.0
143,2021-08-12 08:29:28,Uttar Pradesh,1708836,1685555,22776,505,24.0
144,2021-08-14 16:14:19,Uttar Pradesh,1708881,1685626,22782,473,45.0
145,2021-08-14 18:10:32,Uttar Pradesh,1708876,1685625,22782,469,-5.0
146,2021-08-15 08:37:43,Uttar Pradesh,1708918,1685689,22783,446,42.0
147,2021-08-15 20:43:53,Uttar Pradesh,1708948,1685725,22784,439,30.0
148,2021-08-16 22:54:09,Uttar Pradesh,1708965,1685761,22785,419,17.0
149,2021-08-18 10:24:20,Uttar Pradesh,1708991,1685785,22786,420,26.0
150,2021-08-19 10:07:14,Uttar Pradesh,1709025,1685819,22787,419,34.0
151,2021-08-19 20:16:56,Uttar Pradesh,1709050,1685854,22789,407,25.0
152,2021-08-21 13:36:50,Uttar Pradesh,1709076,1685877,22791,408,26.0
153,2021-08-22 13:57:50,Uttar Pradesh,1709100,1685901,22792,407,24.0
154,2021-08-23 12:23:13,Uttar Pradesh,1709119,1685954,22792,373,19.0
155,2021-08-23 21:02:58,Uttar Pradesh,1709126,1685972,22792,362,7.0
156,2021-08-24 21:06:18,Uttar Pradesh,1709152,1686006,22794,352,26.0
157,2021-08-26 10:50:57,Uttar Pradesh,1709182,1686042,22794,346,30.0
158,2021-08-26 21:06:28,Uttar Pradesh,1709192,1686056,22794,342,10.0
159,2021-08-28 12:07:58,Uttar Pradesh,1709208,1686083,22796,329,16.0
160,2021-08-28 22:48:25,Uttar Pradesh,1709234,1686128,22807,299,26.0
161,2021-08-30 14:05:12,Uttar Pradesh,1709248,1686165,22818,265,14.0
162,2021-08-31 11:55:52,Uttar Pradesh,1709271,1686182,22820,269,23.0
163,2021-09-01 08:46:48,Uttar Pradesh,1709335,1686256,22823,256,64.0
164,2021-09-01 20:19:41,Uttar Pradesh,1709349,1686271,22823,255,14.0
165,2021-09-02 10:43:27,Uttar Pradesh,1709351,1686276,22825,250,2.0
166,2021-09-03 10:29:26,Uttar Pradesh,1709386,1686287,22841,258,35.0
167,2021-09-04 16:22:03,Uttar Pradesh,1709401,1686308,22854,239,15.0
168,2021-09-04 20:46:00,Uttar Pradesh,1709427,1686323,22854,250,26.0
169,2021-09-05 21:10:36,Uttar Pradesh,1709445,1686354,22856,235,18.0
170,2021-09-07 11:47:31,Uttar Pradesh,1709457,1686369,22861,227,12.0
171,2021-09-07 20:54:36,Uttar Pradesh,1709479,1686389,22863,227,22.0
172,2021-09-09 13:19:03,Uttar Pradesh,1709494,1686417,22863,214,15.0
173,2021-09-09 19:56:47,Uttar Pradesh,1709503,1686441,22863,199,9.0
174,2021-09-11 12:47:49,Uttar Pradesh,1709512,1686457,22864,191,9.0
175,2021-09-12 23:42:32,Uttar Pradesh,1709526,1686468,22874,184,14.0
176,2021-09-13 15:03:00,Uttar Pradesh,1709547,1686487,22883,177,21.0
177,2021-09-14 08:47:24,Uttar Pradesh,1709555,1686497,22883,175,8.0
178,2021-09-14 20:34:06,Uttar Pradesh,1709587,1686522,22884,181,32.0
