,Time,State,Confirmed,Recovered,Deaths,Active,New Cases
0,2021-04-22 22:51:49,Jammu and Kashmir,154407,136221,2092,16094,
1,2021-04-23 19:43:07,Jammu and Kashmir,156344,137240,2111,16993,1937.0
2,2021-04-24 19:04:17,Jammu and Kashmir,158374,138184,2126,18064,2030.0
3,2021-04-25 19:30:12,Jammu and Kashmir,160755,139050,2147,19558,2381.0
4,2021-04-26 19:08:01,Jammu and Kashmir,162890,140117,2172,20601,2135.0
5,2021-04-27 19:41:01,Jammu and Kashmir,166054,141574,2197,22283,3164.0
6,2021-04-28 21:18:18,Jammu and Kashmir,169077,142537,2227,24313,3023.0
7,2021-04-29 20:13:44,Jammu and Kashmir,172551,144154,2253,26144,3474.0
8,2021-04-30 19:29:46,Jammu and Kashmir,176083,145441,2283,28359,3532.0
9,2021-05-01 23:16:24,Jammu and Kashmir,179915,147242,2330,30343,3832.0
10,2021-05-02 20:30:29,Jammu and Kashmir,183486,148695,2370,32421,3571.0
11,2021-05-03 22:28:18,Jammu and Kashmir,187219,150231,2421,34567,3733.0
12,2021-05-04 18:53:50,Jammu and Kashmir,191869,152109,2458,37302,4650.0
13,2021-05-05 20:33:34,Jammu and Kashmir,196585,154447,2510,39628,4716.0
14,2021-05-06 21:41:44,Jammu and Kashmir,201511,157283,2562,41666,4926.0
15,2021-05-07 20:32:29,Jammu and Kashmir,206954,160035,2612,44307,5443.0
16,2021-05-08 19:42:29,Jammu and Kashmir,211742,162535,2672,46535,4788.0
17,2021-05-09 21:10:36,Jammu and Kashmir,216932,164958,2726,49248,5190.0
18,2021-05-10 19:43:31,Jammu and Kashmir,220546,167813,2782,49951,3614.0
19,2021-05-12 10:41:26,Jammu and Kashmir,224898,171350,2847,50701,4352.0
20,2021-05-12 23:22:34,Jammu and Kashmir,229407,174953,2912,51542,4509.0
21,2021-05-13 19:35:01,Jammu and Kashmir,233763,177948,2967,52848,4356.0
22,2021-05-14 20:25:38,Jammu and Kashmir,236790,181762,3027,52001,3027.0
23,2021-05-15 20:10:58,Jammu and Kashmir,240467,185902,3090,51475,3677.0
24,2021-05-16 20:46:39,Jammu and Kashmir,244608,189836,3149,51623,4141.0
25,2021-05-17 20:17:03,Jammu and Kashmir,247952,193878,3222,50852,3344.0
26,2021-05-18 19:50:58,Jammu and Kashmir,251919,197701,3293,50925,3967.0
27,2021-05-19 20:44:50,Jammu and Kashmir,255888,202039,3355,50494,3969.0
28,2021-05-23 14:41:57,Jammu and Kashmir,267313,214664,3513,49136,11425.0
29,2021-05-23 20:42:29,Jammu and Kashmir,270621,219620,3564,47437,3308.0
30,2021-05-24 19:49:19,Jammu and Kashmir,272858,223619,3609,45630,2237.0
31,2021-05-25 21:30:15,Jammu and Kashmir,275822,227242,3662,44918,2964.0
32,2021-05-26 21:46:13,Jammu and Kashmir,278859,231265,3702,43892,3037.0
33,2021-05-27 20:47:48,Jammu and Kashmir,281628,235617,3739,42272,2769.0
34,2021-05-28 20:43:41,Jammu and Kashmir,284431,239254,3795,41382,2803.0
35,2021-05-29 20:57:00,Jammu and Kashmir,286684,243588,3841,39255,2253.0
36,2021-05-30 20:14:56,Jammu and Kashmir,288940,247393,3870,37677,2256.0
37,2021-05-31 20:54:44,Jammu and Kashmir,290465,251463,3907,35095,1525.0
38,2021-06-01 21:44:52,Jammu and Kashmir,292360,255145,3939,33276,1895.0
39,2021-06-02 20:44:06,Jammu and Kashmir,294078,258536,3963,31579,1718.0
40,2021-06-03 20:20:50,Jammu and Kashmir,295879,261230,3992,30657,1801.0
41,2021-06-04 19:35:50,Jammu and Kashmir,297602,263961,4026,29615,1723.0
42,2021-06-05 20:08:04,Jammu and Kashmir,299050,266576,4051,28423,1448.0
43,2021-06-06 20:52:46,Jammu and Kashmir,300490,269675,4074,26741,1440.0
44,2021-06-07 20:49:01,Jammu and Kashmir,301467,273853,4090,23524,977.0
45,2021-06-08 20:10:02,Jammu and Kashmir,302651,276733,4101,21817,1184.0
46,2021-06-09 19:45:05,Jammu and Kashmir,303749,279779,4118,19852,1098.0
47,2021-06-10 19:00:59,Jammu and Kashmir,304866,282142,4143,18581,1117.0
48,2021-06-11 20:55:58,Jammu and Kashmir,305772,284027,4160,17585,906.0
49,2021-06-12 19:51:58,Jammu and Kashmir,306638,286180,4174,16284,866.0
50,2021-06-13 19:34:11,Jammu and Kashmir,307412,288145,4186,15081,774.0
51,2021-06-14 19:43:50,Jammu and Kashmir,307974,290243,4194,13537,562.0
52,2021-06-14 19:53:35,Jammu and Kashmir,308011,290284,4195,13532,37.0
53,2021-06-15 20:31:54,Jammu and Kashmir,308726,292114,4205,12407,715.0
54,2021-06-16 20:48:39,Jammu and Kashmir,309361,293763,4217,11381,635.0
55,2021-06-18 08:08:41,Jammu and Kashmir,310017,295189,4226,10602,656.0
56,2021-06-18 19:44:48,Jammu and Kashmir,310688,296360,4234,10094,671.0
57,2021-06-19 19:22:25,Jammu and Kashmir,311209,297557,4238,9414,521.0
58,2021-06-20 19:46:54,Jammu and Kashmir,311794,298911,4252,8631,585.0
59,2021-06-20 22:44:29,Jammu and Kashmir,311209,297557,4238,9414,-585.0
60,2021-06-20 23:00:40,Jammu and Kashmir,311794,298911,4252,8631,585.0
61,2021-06-21 20:01:15,Jammu and Kashmir,312156,300135,4262,7759,362.0
62,2021-06-22 19:27:12,Jammu and Kashmir,312584,301134,4269,7181,428.0
63,2021-06-23 19:34:45,Jammu and Kashmir,313028,301973,4273,6782,444.0
64,2021-06-24 21:19:10,Jammu and Kashmir,313476,302655,4284,6537,448.0
65,2021-06-25 20:21:09,Jammu and Kashmir,313974,303526,4291,6157,498.0
66,2021-06-26 19:58:25,Jammu and Kashmir,314316,304390,4296,5630,342.0
67,2021-06-27 19:28:35,Jammu and Kashmir,314731,305135,4304,5292,415.0
68,2021-06-28 19:49:19,Jammu and Kashmir,314990,305684,4310,4996,259.0
69,2021-06-29 19:30:26,Jammu and Kashmir,315298,306177,4316,4805,308.0
70,2021-06-30 19:39:53,Jammu and Kashmir,315662,306739,4323,4600,364.0
71,2021-07-01 21:14:44,Jammu and Kashmir,315960,307312,4327,4321,298.0
72,2021-07-02 23:15:07,Jammu and Kashmir,316291,307749,4333,4209,331.0
73,2021-07-03 20:33:33,Jammu and Kashmir,316629,308246,4335,4048,338.0
74,2021-07-05 08:13:20,Jammu and Kashmir,316976,308672,4337,3967,347.0
75,2021-07-05 19:18:04,Jammu and Kashmir,317250,309133,4343,3774,274.0
76,2021-07-06 19:29:05,Jammu and Kashmir,317481,309554,4345,3582,231.0
77,2021-07-07 19:27:05,Jammu and Kashmir,317761,309973,4349,3439,280.0
78,2021-07-08 11:36:50,Jammu and Kashmir,317481,309554,4345,3582,-280.0
79,2021-07-08 11:50:07,Jammu and Kashmir,317761,309973,4349,3439,280.0
80,2021-07-08 20:04:25,Jammu and Kashmir,318023,310326,4353,3344,262.0
81,2021-07-09 19:06:48,Jammu and Kashmir,318284,310630,4354,3300,261.0
82,2021-07-10 20:09:51,Jammu and Kashmir,318469,310985,4356,3128,185.0
83,2021-07-11 19:24:32,Jammu and Kashmir,318693,311334,4357,3002,224.0
84,2021-07-12 19:10:49,Jammu and Kashmir,318848,311782,4357,2709,155.0
85,2021-07-13 20:27:17,Jammu and Kashmir,318991,312198,4358,2435,143.0
86,2021-07-14 19:17:35,Jammu and Kashmir,319152,312556,4360,2236,161.0
87,2021-07-15 19:42:52,Jammu and Kashmir,319355,312890,4361,2104,203.0
88,2021-07-16 21:09:30,Jammu and Kashmir,319576,313098,4362,2116,221.0
89,2021-07-17 19:31:23,Jammu and Kashmir,319755,313375,4363,2017,179.0
90,2021-07-18 19:47:11,Jammu and Kashmir,319901,313605,4364,1932,146.0
91,2021-07-19 19:53:30,Jammu and Kashmir,320024,313886,4365,1773,123.0
92,2021-07-20 19:03:58,Jammu and Kashmir,320112,314107,4371,1634,88.0
93,2021-07-21 20:04:02,Jammu and Kashmir,320256,314282,4372,1602,144.0
94,2021-07-22 19:13:18,Jammu and Kashmir,320340,314454,4373,1513,84.0
95,2021-07-23 19:44:10,Jammu and Kashmir,320403,314620,4374,1409,63.0
96,2021-07-24 19:40:41,Jammu and Kashmir,320491,314798,4374,1319,88.0
97,2021-07-25 14:58:45,Jammu and Kashmir,320657,314995,4374,1288,166.0
98,2021-07-26 19:00:58,Jammu and Kashmir,320759,315184,4375,1200,102.0
99,2021-07-27 19:33:23,Jammu and Kashmir,320866,315367,4375,1124,107.0
100,2021-07-28 21:45:25,Jammu and Kashmir,321026,315511,4376,1139,160.0
101,2021-07-29 20:34:23,Jammu and Kashmir,321205,315672,4377,1156,179.0
102,2021-07-29 20:42:38,Jammu and Kashmir,321207,315686,4377,1144,2.0
103,2021-07-30 20:06:18,Jammu and Kashmir,321344,315795,4378,1171,137.0
104,2021-07-31 21:21:17,Jammu and Kashmir,321462,315908,4378,1176,118.0
105,2021-08-01 19:28:43,Jammu and Kashmir,321607,316017,4379,1211,145.0
106,2021-08-02 19:48:55,Jammu and Kashmir,321725,316090,4381,1254,118.0
107,2021-08-03 19:38:10,Jammu and Kashmir,321865,316188,4384,1293,140.0
108,2021-08-04 19:46:57,Jammu and Kashmir,322014,316315,4385,1314,149.0
109,2021-08-05 22:09:20,Jammu and Kashmir,322142,316398,4386,1358,128.0
110,2021-08-06 19:47:31,Jammu and Kashmir,322285,316491,4386,1408,143.0
111,2021-08-06 19:58:04,Jammu and Kashmir,322286,316496,4386,1404,1.0
112,2021-08-07 19:35:08,Jammu and Kashmir,322428,316632,4386,1410,142.0
113,2021-08-08 19:45:37,Jammu and Kashmir,322550,316761,4389,1400,122.0
114,2021-08-09 19:19:17,Jammu and Kashmir,322658,316957,4390,1311,108.0
115,2021-08-10 19:58:14,Jammu and Kashmir,322771,317081,4392,1298,113.0
116,2021-08-11 19:21:57,Jammu and Kashmir,322885,317195,4393,1297,114.0
117,2021-08-12 20:31:34,Jammu and Kashmir,323061,317359,4395,1307,176.0
118,2021-08-14 16:15:03,Jammu and Kashmir,323190,317471,4395,1324,129.0
119,2021-08-14 20:01:06,Jammu and Kashmir,323325,317627,4395,1303,135.0
120,2021-08-15 20:44:32,Jammu and Kashmir,323422,317737,4397,1288,97.0
121,2021-08-16 20:31:18,Jammu and Kashmir,323499,317872,4398,1229,77.0
122,2021-08-17 21:26:34,Jammu and Kashmir,323582,318025,4399,1158,83.0
123,2021-08-18 20:18:18,Jammu and Kashmir,323682,318157,4400,1125,100.0
124,2021-08-19 20:02:46,Jammu and Kashmir,323792,318283,4400,1109,110.0
125,2021-08-20 20:33:10,Jammu and Kashmir,323951,318409,4401,1141,159.0
126,2021-08-21 19:21:09,Jammu and Kashmir,324095,318535,4401,1159,144.0
127,2021-08-22 19:56:07,Jammu and Kashmir,324202,318635,4402,1165,107.0
128,2021-08-23 19:17:45,Jammu and Kashmir,324295,318838,4403,1054,93.0
129,2021-08-24 20:03:41,Jammu and Kashmir,324420,318961,4404,1055,125.0
130,2021-08-25 19:19:31,Jammu and Kashmir,324546,319064,4404,1078,126.0
131,2021-08-26 19:20:23,Jammu and Kashmir,324647,319183,4404,1060,101.0
132,2021-08-27 19:20:21,Jammu and Kashmir,324813,319259,4405,1149,166.0
133,2021-08-28 20:00:50,Jammu and Kashmir,324979,319362,4406,1211,166.0
134,2021-08-29 20:14:33,Jammu and Kashmir,325148,319465,4407,1276,169.0
135,2021-08-30 20:02:05,Jammu and Kashmir,325253,319582,4407,1264,105.0
136,2021-08-31 20:02:36,Jammu and Kashmir,325419,319681,4408,1330,166.0
137,2021-09-01 20:02:37,Jammu and Kashmir,325529,319801,4409,1319,110.0
138,2021-09-03 10:30:40,Jammu and Kashmir,325618,319889,4409,1320,89.0
139,2021-09-03 18:51:13,Jammu and Kashmir,325714,319925,4409,1380,96.0
140,2021-09-04 20:46:28,Jammu and Kashmir,325830,320093,4410,1327,116.0
141,2021-09-05 21:11:08,Jammu and Kashmir,325940,320208,4410,1322,110.0
142,2021-09-06 20:15:24,Jammu and Kashmir,326033,320337,4410,1286,93.0
143,2021-09-07 20:55:25,Jammu and Kashmir,326159,320485,4410,1264,126.0
144,2021-09-08 21:18:18,Jammu and Kashmir,326310,320648,4411,1251,151.0
145,2021-09-09 19:57:23,Jammu and Kashmir,326480,320806,4411,1263,170.0
146,2021-09-10 22:14:28,Jammu and Kashmir,326653,320948,4411,1294,173.0
147,2021-09-12 23:43:33,Jammu and Kashmir,326904,321205,4414,1285,251.0
148,2021-09-13 19:23:46,Jammu and Kashmir,326990,321329,4414,1247,86.0
149,2021-09-13 23:00:57,Jammu and Kashmir,326904,321205,4414,1285,-86.0
150,2021-09-14 08:47:56,Jammu and Kashmir,326990,321329,4414,1247,86.0
151,2021-09-14 19:21:51,Jammu and Kashmir,327140,321401,4414,1325,150.0
152,2021-09-15 18:50:21,Jammu and Kashmir,327296,321532,4415,1349,156.0
153,2021-09-16 20:33:27,Jammu and Kashmir,327466,321630,4415,1421,170.0
154,2021-09-17 20:11:09,Jammu and Kashmir,327621,321765,4416,1440,155.0
155,2021-09-18 23:41:09,Jammu and Kashmir,327773,321878,4416,1479,152.0
156,2021-09-19 23:19:59,Jammu and Kashmir,327941,322032,4416,1493,168.0
157,2021-09-20 19:23:54,Jammu and Kashmir,328069,322191,4417,1461,128.0
158,2021-09-21 19:43:11,Jammu and Kashmir,328214,322345,4419,1450,145.0
159,2021-09-22 19:27:22,Jammu and Kashmir,328418,322463,4419,1536,204.0
160,2021-09-23 19:37:25,Jammu and Kashmir,328590,322554,4419,1617,172.0
161,2021-09-25 11:57:10,Jammu and Kashmir,328738,322713,4420,1605,148.0
162,2021-09-25 20:50:07,Jammu and Kashmir,328881,322897,4421,1563,143.0
163,2021-09-26 20:10:42,Jammu and Kashmir,329008,323072,4422,1514,127.0
164,2021-09-27 20:30:44,Jammu and Kashmir,329125,323190,4422,1513,117.0
165,2021-09-28 20:26:14,Jammu and Kashmir,329220,323378,4422,1420,95.0
166,2021-09-29 20:46:15,Jammu and Kashmir,329320,323510,4422,1388,100.0
167,2021-09-30 20:17:17,Jammu and Kashmir,329430,323663,4422,1345,110.0
168,2021-10-01 19:50:41,Jammu and Kashmir,329563,323801,4423,1339,133.0
169,2021-10-02 20:24:33,Jammu and Kashmir,329687,323969,4424,1294,124.0
170,2021-10-03 23:11:15,Jammu and Kashmir,329789,324164,4424,1201,102.0
171,2021-10-05 13:42:43,Jammu and Kashmir,329889,324308,4424,1157,100.0
172,2021-10-05 22:41:07,Jammu and Kashmir,329991,324493,4424,1074,102.0
173,2021-10-06 22:27:04,Jammu and Kashmir,330118,324627,4426,1065,127.0
174,2021-10-07 20:16:06,Jammu and Kashmir,330252,324736,4426,1090,134.0
175,2021-10-08 20:52:56,Jammu and Kashmir,330352,324827,4426,1099,100.0
