,Time,State,Confirmed,Recovered,Deaths,Active,New Cases
0,2021-04-22 22:52:18,Manipur,30047,29153,381,513,
1,2021-04-24 00:08:24,Manipur,30151,29180,381,590,104.0
2,2021-04-24 22:31:16,Manipur,30281,29193,383,705,130.0
3,2021-04-25 20:10:25,Manipur,30421,29231,385,805,140.0
4,2021-04-26 19:08:20,Manipur,30567,29267,390,910,146.0
5,2021-04-27 19:41:20,Manipur,30742,29317,393,1032,175.0
6,2021-04-28 23:28:03,Manipur,31001,29376,395,1230,259.0
7,2021-04-29 21:41:37,Manipur,31315,29690,400,1225,314.0
8,2021-04-30 20:33:08,Manipur,31586,29764,405,1417,271.0
9,2021-05-01 22:26:45,Manipur,31905,29843,410,1652,319.0
10,2021-05-03 11:14:09,Manipur,32161,29923,415,1823,256.0
11,2021-05-03 22:27:12,Manipur,32523,30030,422,2071,362.0
12,2021-05-04 20:36:11,Manipur,32956,30141,424,2391,433.0
13,2021-05-05 22:25:35,Manipur,33353,30262,434,2657,397.0
14,2021-05-06 23:52:34,Manipur,33733,30295,447,2991,380.0
15,2021-05-07 19:44:26,Manipur,34333,30378,449,3506,600.0
16,2021-05-08 20:59:47,Manipur,34775,30463,461,3851,442.0
17,2021-05-09 23:13:21,Manipur,35354,30598,476,4280,579.0
18,2021-05-10 21:32:54,Manipur,35778,30685,489,4604,424.0
19,2021-05-12 10:41:48,Manipur,36370,30880,509,4981,592.0
20,2021-05-12 21:45:07,Manipur,37036,31238,526,5272,666.0
21,2021-05-13 19:49:08,Manipur,37596,31491,536,5569,560.0
22,2021-05-14 21:30:36,Manipur,38322,31491,536,6295,726.0
23,2021-05-14 21:46:02,Manipur,38322,31872,552,5898,0.0
24,2021-05-15 21:15:24,Manipur,39052,32275,562,6215,730.0
25,2021-05-16 22:31:33,Manipur,39729,32674,578,6477,677.0
26,2021-05-17 19:44:02,Manipur,40059,33129,592,6338,330.0
27,2021-05-18 20:17:31,Manipur,40683,33466,612,6605,624.0
28,2021-05-19 20:45:44,Manipur,41265,33813,635,6817,582.0
29,2021-05-23 14:43:08,Manipur,43322,36258,674,6390,2057.0
30,2021-05-23 22:21:17,Manipur,44089,36867,688,6534,767.0
31,2021-05-25 11:02:13,Manipur,44627,37478,705,6444,538.0
32,2021-05-25 19:56:48,Manipur,45451,37946,720,6785,824.0
33,2021-05-26 21:46:36,Manipur,46298,38325,730,7243,847.0
34,2021-05-27 20:48:14,Manipur,47111,38901,748,7462,813.0
35,2021-05-28 22:03:18,Manipur,47843,39480,761,7602,732.0
36,2021-05-29 21:46:17,Manipur,48850,40044,776,8030,1007.0
37,2021-05-30 20:15:16,Manipur,49882,40607,793,8482,1032.0
38,2021-06-01 11:00:39,Manipur,50751,41153,807,8791,869.0
39,2021-06-01 21:45:16,Manipur,51549,41782,825,8942,798.0
40,2021-06-02 19:24:42,Manipur,52278,42404,839,9035,729.0
41,2021-06-03 19:35:39,Manipur,52899,42995,849,9055,621.0
42,2021-06-03 20:21:09,Manipur,52899,43187,849,8863,0.0
43,2021-06-05 11:23:15,Manipur,53690,43779,863,9048,791.0
44,2021-06-05 20:08:41,Manipur,54407,44519,872,9016,717.0
45,2021-06-06 22:50:38,Manipur,55230,45165,881,9184,823.0
46,2021-06-08 08:37:45,Manipur,55828,45948,896,8984,598.0
47,2021-06-08 20:10:24,Manipur,56576,46527,908,9141,748.0
48,2021-06-09 20:43:18,Manipur,57351,47129,915,9307,775.0
49,2021-06-10 20:50:56,Manipur,58081,47797,925,9359,730.0
50,2021-06-11 21:13:46,Manipur,58768,48902,944,8922,687.0
51,2021-06-12 20:09:24,Manipur,59322,49653,959,8710,554.0
52,2021-06-13 19:43:52,Manipur,59852,50379,974,8499,530.0
53,2021-06-14 19:06:53,Manipur,60311,50878,990,8443,459.0
54,2021-06-15 20:22:28,Manipur,61096,51354,998,8744,785.0
55,2021-06-17 08:35:21,Manipur,61848,51762,1008,9078,752.0
56,2021-06-18 08:09:11,Manipur,62343,52220,1021,9102,495.0
57,2021-06-18 19:07:33,Manipur,62946,52667,1033,9246,603.0
58,2021-06-19 23:42:08,Manipur,63538,52961,1039,9538,592.0
59,2021-06-20 19:56:27,Manipur,64065,53405,1047,9613,527.0
60,2021-06-20 22:45:01,Manipur,63538,52961,1039,9538,-527.0
61,2021-06-20 23:01:12,Manipur,64065,53405,1047,9613,527.0
62,2021-06-21 20:25:41,Manipur,64418,54065,1055,9298,353.0
63,2021-06-22 20:02:39,Manipur,64993,54714,1065,9214,575.0
64,2021-06-23 19:44:26,Manipur,65622,55257,1074,9291,629.0
65,2021-06-24 21:19:34,Manipur,66171,55912,1085,9174,549.0
66,2021-06-25 21:23:40,Manipur,66756,59995,1093,5668,585.0
67,2021-06-26 20:22:37,Manipur,67317,60529,1108,5680,561.0
68,2021-06-27 19:46:01,Manipur,68651,61038,1124,6489,1334.0
69,2021-06-27 19:55:57,Manipur,67986,61038,1124,5824,-665.0
70,2021-06-28 18:52:04,Manipur,68418,61646,1130,5642,432.0
71,2021-06-29 21:06:54,Manipur,69198,62134,1141,5923,780.0
72,2021-06-30 22:25:29,Manipur,69790,62628,1150,6012,592.0
73,2021-07-01 20:37:50,Manipur,70298,63206,1162,5930,508.0
74,2021-07-02 23:25:41,Manipur,70954,63809,1175,5970,656.0
75,2021-07-03 20:34:29,Manipur,71643,64329,1188,6126,689.0
76,2021-07-05 08:13:43,Manipur,72286,64931,1196,6159,643.0
77,2021-07-05 19:18:22,Manipur,72718,65540,1204,5974,432.0
78,2021-07-06 19:18:46,Manipur,73581,66132,1218,6231,863.0
79,2021-07-07 19:56:35,Manipur,74341,66578,1229,6534,760.0
80,2021-07-08 11:37:23,Manipur,73581,66132,1218,6231,-760.0
81,2021-07-08 11:50:42,Manipur,74341,66578,1229,6534,760.0
82,2021-07-08 20:47:21,Manipur,75180,67212,1241,6727,839.0
83,2021-07-09 20:42:31,Manipur,76032,68171,1251,6610,852.0
84,2021-07-10 20:08:39,Manipur,76820,68654,1258,6908,788.0
85,2021-07-11 20:17:13,Manipur,77731,69224,1272,7235,911.0
86,2021-07-12 21:13:21,Manipur,78621,69814,1287,7520,890.0
87,2021-07-13 20:39:20,Manipur,79417,70402,1309,7706,796.0
88,2021-07-14 20:12:00,Manipur,80521,70985,1326,8210,1104.0
89,2021-07-15 19:43:14,Manipur,81560,71662,1340,8558,1039.0
90,2021-07-16 21:10:16,Manipur,82688,72305,1350,9033,1128.0
91,2021-07-17 19:52:05,Manipur,83859,73047,1365,9447,1171.0
92,2021-07-18 19:47:29,Manipur,84822,73770,1376,9676,963.0
93,2021-07-19 19:21:27,Manipur,85596,74511,1392,9693,774.0
94,2021-07-20 19:51:04,Manipur,86723,75247,1409,10067,1127.0
95,2021-07-21 20:15:06,Manipur,88050,76279,1424,10347,1327.0
96,2021-07-22 19:23:07,Manipur,88978,77147,1436,10395,928.0
97,2021-07-23 20:54:00,Manipur,90262,78872,1451,9939,1284.0
98,2021-07-24 19:58:13,Manipur,91460,79744,1465,10251,1198.0
99,2021-07-25 15:19:27,Manipur,92667,80608,1478,10581,1207.0
100,2021-07-26 19:09:11,Manipur,93656,81645,1487,10524,989.0
101,2021-07-27 20:10:18,Manipur,94821,82521,1498,10802,1165.0
102,2021-07-28 21:46:16,Manipur,95824,83392,1510,10922,1003.0
103,2021-07-29 20:34:41,Manipur,96824,84408,1521,10895,1000.0
104,2021-07-30 19:58:11,Manipur,97698,85422,1541,10735,874.0
105,2021-07-31 21:29:56,Manipur,98499,85422,1541,11536,801.0
106,2021-07-31 21:39:44,Manipur,98499,86403,1556,10540,0.0
107,2021-08-01 20:09:40,Manipur,99331,87360,1566,10405,832.0
108,2021-08-02 19:49:21,Manipur,99872,88480,1578,9814,541.0
109,2021-08-03 20:15:03,Manipur,100625,89543,1592,9490,753.0
110,2021-08-04 19:47:20,Manipur,101390,90769,1606,9015,765.0
111,2021-08-05 22:09:39,Manipur,102147,91847,1614,8686,757.0
112,2021-08-06 20:07:39,Manipur,102889,92894,1628,8367,742.0
113,2021-08-07 19:33:53,Manipur,103588,93802,1640,8146,699.0
114,2021-08-08 19:54:46,Manipur,104324,94723,1650,7951,736.0
115,2021-08-09 21:20:25,Manipur,104791,96128,1657,7006,467.0
116,2021-08-10 19:57:01,Manipur,105424,96776,1664,6984,633.0
117,2021-08-11 20:07:55,Manipur,106030,97499,1674,6857,606.0
118,2021-08-12 20:40:33,Manipur,106707,98189,1683,6835,677.0
119,2021-08-14 16:15:30,Manipur,107229,98867,1691,6671,522.0
120,2021-08-14 20:01:26,Manipur,107668,99440,1700,6528,439.0
121,2021-08-15 21:03:26,Manipur,108270,100013,1710,6547,602.0
122,2021-08-16 20:31:43,Manipur,108545,100559,1716,6270,275.0
123,2021-08-17 21:27:02,Manipur,108948,101505,1722,5721,403.0
124,2021-08-18 21:04:38,Manipur,109317,102083,1728,5506,369.0
125,2021-08-19 20:35:49,Manipur,109843,102603,1732,5508,526.0
126,2021-08-20 21:04:57,Manipur,110215,104173,1739,4303,372.0
127,2021-08-21 19:32:18,Manipur,110657,104771,1747,4139,442.0
128,2021-08-22 19:56:54,Manipur,110942,105197,1751,3994,285.0
129,2021-08-23 19:33:13,Manipur,111212,105751,1755,3706,270.0
130,2021-08-24 19:20:42,Manipur,111598,106229,1759,3610,386.0
131,2021-08-25 19:32:23,Manipur,112126,106640,1763,3723,528.0
132,2021-08-26 21:07:21,Manipur,112506,106992,1767,3747,380.0
133,2021-08-27 21:04:00,Manipur,112817,107410,1770,3637,311.0
134,2021-08-28 20:01:08,Manipur,113092,107742,1775,3575,275.0
135,2021-08-29 20:01:01,Manipur,113479,108161,1779,3539,387.0
136,2021-08-30 20:15:44,Manipur,113702,108430,1781,3491,223.0
137,2021-08-31 20:02:56,Manipur,114084,108754,1782,3548,382.0
138,2021-09-01 20:02:58,Manipur,114354,109031,1784,3539,270.0
139,2021-09-02 10:44:30,Manipur,114203,109031,1784,3388,-151.0
140,2021-09-02 20:39:25,Manipur,114502,109392,1790,3320,299.0
141,2021-09-03 20:00:54,Manipur,114774,109715,1792,3267,272.0
142,2021-09-04 20:46:45,Manipur,115077,110003,1796,3278,303.0
143,2021-09-05 21:11:27,Manipur,115399,110341,1798,3260,322.0
144,2021-09-06 20:16:09,Manipur,115584,110602,1802,3180,185.0
145,2021-09-07 20:55:59,Manipur,115866,110896,1802,3168,282.0
146,2021-09-08 21:18:46,Manipur,116134,111165,1805,3164,268.0
147,2021-09-09 19:57:49,Manipur,116397,111373,1806,3218,263.0
148,2021-09-10 22:14:50,Manipur,116607,112031,1807,2769,210.0
149,2021-09-12 23:44:07,Manipur,117094,112536,1811,2747,487.0
150,2021-09-13 20:02:06,Manipur,117230,112801,1812,2617,136.0
151,2021-09-13 23:01:16,Manipur,117094,112536,1811,2747,-136.0
152,2021-09-14 08:48:15,Manipur,117230,112801,1812,2617,136.0
153,2021-09-14 19:22:04,Manipur,117461,113032,1815,2614,231.0
154,2021-09-15 20:02:32,Manipur,117697,113259,1817,2621,236.0
155,2021-09-16 20:33:39,Manipur,117913,113478,1821,2614,216.0
156,2021-09-17 20:11:19,Manipur,118121,114023,1826,2272,208.0
157,2021-09-18 23:41:20,Manipur,118261,114251,1830,2180,140.0
158,2021-09-19 23:20:11,Manipur,118495,114475,1831,2189,234.0
159,2021-09-20 20:25:38,Manipur,118673,114658,1832,2183,178.0
