,Time,State,Confirmed,Recovered,Deaths,Active,New Cases
0,2021-04-22 22:46:02,Delhi,930179,831928,12887,85364,
1,2021-04-22 23:54:36,Delhi,956348,851537,13193,91618,26169.0
2,2021-04-23 23:24:43,Delhi,980679,875109,13541,92029,24331.0
3,2021-04-24 23:24:30,Delhi,1004782,897804,13898,93080,24103.0
4,2021-04-25 22:29:17,Delhi,1027715,918875,14248,94592,22933.0
5,2021-04-26 23:24:42,Delhi,1047916,940930,14628,92358,20201.0
6,2021-04-27 23:24:18,Delhi,1072065,958792,15009,98264,24149.0
7,2021-04-29 11:30:27,Delhi,1098051,979250,15377,103424,25986.0
8,2021-04-29 15:38:12,Delhi,1098051,982922,15377,99752,0.0
9,2021-04-29 23:19:08,Delhi,1122286,1008537,15772,97977,24235.0
10,2021-04-30 23:17:31,Delhi,1149333,1033825,16147,99361,27047.0
11,2021-05-01 23:17:00,Delhi,1174552,1061246,16559,96747,25219.0
12,2021-05-02 21:11:50,Delhi,1194946,1085690,16966,92290,20394.0
13,2021-05-04 12:00:16,Delhi,1212989,1105983,17414,89592,18043.0
14,2021-05-05 10:23:11,Delhi,1232942,1124771,17752,90419,19953.0
15,2021-05-05 17:39:22,Delhi,1253902,1143980,18063,91859,20960.0
16,2021-05-06 15:38:23,Delhi,1273035,1164008,18398,90629,19133.0
17,2021-05-07 18:18:15,Delhi,1292867,1183093,18739,91035,19832.0
18,2021-05-08 18:17:31,Delhi,1310231,1203253,19071,87907,17364.0
19,2021-05-09 16:35:04,Delhi,1323567,1217991,19344,86232,13336.0
20,2021-05-10 19:31:22,Delhi,1336218,1231297,19663,85258,12651.0
21,2021-05-12 10:40:36,Delhi,1348699,1244880,20010,83809,12481.0
22,2021-05-12 20:17:06,Delhi,1361986,1258951,20310,82725,13287.0
23,2021-05-13 16:13:40,Delhi,1372475,1274140,20618,77717,10489.0
24,2021-05-14 21:45:34,Delhi,1380981,1288280,20907,71794,8506.0
25,2021-05-15 18:58:14,Delhi,1387411,1299872,21244,66295,6430.0
26,2021-05-16 20:47:30,Delhi,1393867,1309578,21506,62783,6456.0
27,2021-05-17 19:08:54,Delhi,1398391,1320496,21846,56049,4524.0
28,2021-05-18 16:38:29,Delhi,1402873,1329899,22111,50863,4482.0
29,2021-05-19 20:43:08,Delhi,1406719,1339326,22346,45047,3846.0
30,2021-05-23 14:39:46,Delhi,1415219,1360898,23013,31308,8500.0
31,2021-05-23 19:11:38,Delhi,1416868,1366056,23202,27610,1649.0
32,2021-05-24 16:36:16,Delhi,1418418,1370431,23409,24578,1550.0
33,2021-05-25 17:15:49,Delhi,1419986,1374682,23565,21739,1568.0
34,2021-05-26 17:19:52,Delhi,1421477,1378634,23695,19148,1491.0
35,2021-05-27 17:29:43,Delhi,1422549,1382359,23812,16378,1072.0
36,2021-05-28 20:07:52,Delhi,1423690,1385158,23951,14581,1141.0
37,2021-05-29 16:14:03,Delhi,1424646,1387538,24073,13035,956.0
38,2021-05-30 19:20:02,Delhi,1425592,1389341,24151,12100,946.0
39,2021-05-31 20:53:52,Delhi,1426240,1390963,24237,11040,648.0
40,2021-06-01 17:38:10,Delhi,1426863,1392386,24299,10178,623.0
41,2021-06-02 16:34:16,Delhi,1427439,1393673,24402,9364,576.0
42,2021-06-03 19:36:38,Delhi,1427926,1394731,24447,8748,487.0
43,2021-06-04 19:35:10,Delhi,1428449,1395892,24497,8060,523.0
44,2021-06-05 20:07:11,Delhi,1428863,1397575,24557,6731,414.0
45,2021-06-06 17:17:16,Delhi,1429244,1398764,24591,5889,381.0
46,2021-06-07 20:31:00,Delhi,1429475,1399640,24627,5208,231.0
47,2021-06-08 20:09:18,Delhi,1429791,1400161,24668,4962,316.0
48,2021-06-09 20:42:16,Delhi,1430128,1400913,24704,4511,337.0
49,2021-06-10 18:51:07,Delhi,1430433,1401473,24748,4212,305.0
50,2021-06-11 21:04:57,Delhi,1430671,1401977,24772,3922,238.0
51,2021-06-12 18:21:57,Delhi,1430884,1402474,24800,3610,213.0
52,2021-06-13 19:00:24,Delhi,1431139,1402850,24823,3466,255.0
53,2021-06-14 18:17:54,Delhi,1431270,1403205,24839,3226,131.0
54,2021-06-15 18:59:15,Delhi,1431498,1403569,24851,3078,228.0
55,2021-06-16 20:48:04,Delhi,1431710,1404085,24876,2749,212.0
56,2021-06-18 08:07:35,Delhi,1431868,1404428,24886,2554,158.0
57,2021-06-18 18:31:47,Delhi,1432033,1404688,24900,2445,165.0
58,2021-06-19 19:23:51,Delhi,1432168,1404889,24907,2372,135.0
59,2021-06-20 18:35:02,Delhi,1432292,1405287,24914,2091,124.0
60,2021-06-20 22:46:24,Delhi,1432168,1404889,24907,2372,-124.0
61,2021-06-20 23:02:33,Delhi,1432292,1405287,24914,2091,124.0
62,2021-06-21 17:18:25,Delhi,1432381,1405460,24925,1996,89.0
63,2021-06-22 19:10:40,Delhi,1432515,1405927,24933,1655,134.0
64,2021-06-22 19:18:40,Delhi,1432778,1405927,24933,1918,263.0
65,2021-06-23 19:35:55,Delhi,1433366,1406629,24940,1797,588.0
66,2021-06-24 21:18:17,Delhi,1433475,1406760,24948,1767,109.0
67,2021-06-25 20:29:32,Delhi,1433590,1406958,24952,1680,115.0
68,2021-06-26 18:16:46,Delhi,1433675,1407116,24961,1598,85.0
69,2021-06-27 19:20:20,Delhi,1433934,1407401,24965,1568,259.0
70,2021-06-28 21:08:34,Delhi,1433993,1407473,24967,1553,59.0
71,2021-06-29 19:38:11,Delhi,1434094,1407592,24971,1531,101.0
72,2021-06-30 18:03:32,Delhi,1434188,1407832,24977,1379,94.0
73,2021-07-01 18:48:11,Delhi,1434281,1407943,24981,1357,93.0
74,2021-07-02 19:51:23,Delhi,1434374,1408350,24983,1041,93.0
75,2021-07-04 10:45:25,Delhi,1434460,1408456,24988,1016,86.0
76,2021-07-04 23:33:39,Delhi,1434554,1408567,24995,992,94.0
77,2021-07-05 18:43:58,Delhi,1434608,1408699,24997,912,54.0
78,2021-07-06 18:55:15,Delhi,1434687,1408853,25001,833,79.0
79,2021-07-07 21:49:58,Delhi,1434780,1408917,25005,858,93.0
80,2021-07-08 11:35:47,Delhi,1434687,1408853,25001,833,-93.0
81,2021-07-08 11:49:03,Delhi,1434780,1408917,25005,858,93.0
82,2021-07-09 08:38:06,Delhi,1434873,1409018,25008,847,93.0
83,2021-07-09 18:00:59,Delhi,1434954,1409145,25011,798,81.0
84,2021-07-10 19:41:15,Delhi,1435030,1409226,25012,792,76.0
85,2021-07-11 19:02:20,Delhi,1435083,1409325,25015,743,53.0
86,2021-07-12 19:58:16,Delhi,1435128,1409417,25018,693,45.0
87,2021-07-14 13:56:28,Delhi,1435204,1409501,25020,683,76.0
88,2021-07-14 18:39:07,Delhi,1435281,1409572,25021,688,77.0
89,2021-07-15 19:34:29,Delhi,1435353,1409660,25022,671,72.0
90,2021-07-16 18:28:22,Delhi,1435419,1409739,25023,657,66.0
91,2021-07-17 19:22:46,Delhi,1435478,1409830,25027,621,59.0
92,2021-07-18 20:38:24,Delhi,1435529,1409910,25027,592,51.0
93,2021-07-19 18:54:57,Delhi,1435565,1409968,25030,567,36.0
94,2021-07-20 18:46:58,Delhi,1435609,1410005,25035,569,44.0
95,2021-07-21 20:05:04,Delhi,1435671,1410066,25039,566,62.0
96,2021-07-22 20:00:07,Delhi,1435720,1410095,25040,585,49.0
97,2021-07-23 19:35:41,Delhi,1435778,1410164,25041,573,58.0
98,2021-07-24 20:26:48,Delhi,1435844,1410216,25041,587,66.0
99,2021-07-25 18:25:21,Delhi,1435910,1410288,25043,579,66.0
100,2021-07-26 19:19:13,Delhi,1435949,1410368,25044,537,39.0
101,2021-07-27 22:25:22,Delhi,1436026,1410410,25046,570,77.0
102,2021-07-28 21:43:33,Delhi,1436093,1410471,25049,573,67.0
103,2021-07-29 20:42:07,Delhi,1436144,1410541,25049,554,51.0
104,2021-07-30 18:59:30,Delhi,1436207,1410575,25052,580,63.0
105,2021-07-31 21:03:09,Delhi,1436265,1410631,25053,581,58.0
106,2021-08-01 19:54:05,Delhi,1436350,1410714,25054,582,85.0
107,2021-08-03 11:53:36,Delhi,1436401,1410809,25054,538,51.0
108,2021-08-03 18:37:18,Delhi,1436451,1410874,25058,519,50.0
109,2021-08-04 20:13:02,Delhi,1436518,1410947,25058,513,67.0
110,2021-08-05 22:08:39,Delhi,1436579,1411001,25060,518,61.0
111,2021-08-06 18:05:22,Delhi,1436623,1411042,25065,516,44.0
112,2021-08-07 19:41:34,Delhi,1436695,1411064,25066,565,72.0
113,2021-08-08 20:03:07,Delhi,1436761,1411159,25066,536,66.0
114,2021-08-09 18:19:43,Delhi,1436800,1411235,25067,498,39.0
115,2021-08-10 19:57:45,Delhi,1436852,1411280,25068,504,52.0
116,2021-08-11 19:21:14,Delhi,1436889,1411327,25068,494,37.0
117,2021-08-14 16:14:15,Delhi,1436988,1411452,25068,468,99.0
118,2021-08-14 21:22:50,Delhi,1437038,1411491,25069,478,50.0
119,2021-08-15 20:43:49,Delhi,1437091,1411509,25069,513,53.0
120,2021-08-16 22:14:33,Delhi,1437118,1411582,25069,467,27.0
121,2021-08-17 21:25:45,Delhi,1437156,1411612,25073,471,38.0
122,2021-08-18 21:25:46,Delhi,1437192,1411688,25077,427,36.0
123,2021-08-19 20:34:49,Delhi,1437217,1411690,25079,448,25.0
124,2021-08-20 20:34:18,Delhi,1437274,1411736,25079,459,57.0
125,2021-08-21 19:19:50,Delhi,1437293,1411784,25079,430,19.0
126,2021-08-22 18:49:16,Delhi,1437317,1411840,25079,398,24.0
127,2021-08-23 18:20:59,Delhi,1437334,1411881,25079,374,17.0
128,2021-08-24 18:51:11,Delhi,1437485,1411995,25079,411,151.0
129,2021-08-25 21:21:29,Delhi,1437550,1412081,25080,389,65.0
130,2021-08-26 20:33:40,Delhi,1437595,1412102,25080,413,45.0
131,2021-08-27 22:50:48,Delhi,1437656,1412164,25080,412,61.0
132,2021-08-28 19:57:21,Delhi,1437685,1412212,25080,393,29.0
133,2021-08-29 20:13:56,Delhi,1437716,1412244,25080,392,31.0
134,2021-08-30 18:11:38,Delhi,1437736,1412280,25081,375,20.0
135,2021-08-31 17:36:39,Delhi,1437764,1412333,25082,349,28.0
136,2021-09-02 10:43:23,Delhi,1437800,1412375,25082,343,36.0
137,2021-09-02 20:37:25,Delhi,1437839,1412413,25082,344,39.0
138,2021-09-03 20:01:51,Delhi,1437874,1412430,25082,362,35.0
139,2021-09-04 20:45:56,Delhi,1437929,1412493,25082,354,55.0
140,2021-09-05 21:10:33,Delhi,1437959,1412526,25082,351,30.0
141,2021-09-06 19:45:26,Delhi,1437991,1412542,25082,367,32.0
142,2021-09-07 20:54:30,Delhi,1438041,1412572,25083,386,50.0
143,2021-09-08 21:17:40,Delhi,1438082,1412585,25083,414,41.0
144,2021-09-10 14:00:51,Delhi,1438118,1412620,25083,415,36.0
145,2021-09-10 22:13:50,Delhi,1438154,1412672,25083,399,36.0
146,2021-09-11 18:37:00,Delhi,1438211,1412716,25083,412,57.0
147,2021-09-12 23:42:26,Delhi,1438233,1412760,25083,390,22.0
148,2021-09-13 18:54:35,Delhi,1438250,1412790,25083,377,17.0
149,2021-09-13 23:02:05,Delhi,1438233,1412760,25083,390,-17.0
150,2021-09-14 08:47:21,Delhi,1438250,1412790,25083,377,17.0
151,2021-09-14 21:04:52,Delhi,1438288,1412805,25083,400,38.0
152,2021-09-15 23:22:11,Delhi,1438345,1412858,25083,404,57.0
153,2021-09-16 21:34:08,Delhi,1438373,1412880,25084,409,28.0
154,2021-09-17 18:06:37,Delhi,1438428,1412936,25085,407,55.0
155,2021-09-18 23:40:50,Delhi,1438469,1412980,25085,404,41.0
156,2021-09-19 23:19:37,Delhi,1438497,1413025,25085,387,28.0
157,2021-09-20 18:21:59,Delhi,1438517,1413053,25085,379,20.0
158,2021-09-21 19:42:50,Delhi,1438556,1413071,25085,400,39.0
159,2021-09-22 19:27:01,Delhi,1438586,1413090,25085,411,30.0
160,2021-09-23 18:36:10,Delhi,1438634,1413116,25085,433,48.0
161,2021-09-24 19:31:03,Delhi,1438658,1413182,25085,391,24.0
162,2021-09-25 20:49:48,Delhi,1438685,1413221,25085,379,27.0
163,2021-09-26 20:10:20,Delhi,1438714,1413258,25085,371,29.0
164,2021-09-27 19:29:28,Delhi,1438746,1413295,25085,366,32.0
165,2021-09-28 18:24:05,Delhi,1438780,1413320,25087,373,34.0
166,2021-09-29 20:45:56,Delhi,1438821,1413342,25087,392,41.0
167,2021-09-30 19:16:03,Delhi,1438868,1413381,25087,400,47.0
168,2021-10-01 18:47:35,Delhi,1438900,1413404,25087,409,32.0
169,2021-10-02 20:24:09,Delhi,1438933,1413462,25088,383,33.0
