,Time,State,Confirmed,Recovered,Deaths,Active,New Cases
0,2021-04-22 22:52:26,Arunachal Pradesh,17186,16851,56,279,
1,2021-04-23 08:31:51,Arunachal Pradesh,17296,16860,56,380,110.0
2,2021-04-23 23:24:18,Arunachal Pradesh,17430,16921,56,453,134.0
3,2021-04-24 22:30:17,Arunachal Pradesh,17546,16940,56,550,116.0
4,2021-04-25 23:23:36,Arunachal Pradesh,17607,16968,58,581,61.0
5,2021-04-26 23:24:12,Arunachal Pradesh,17775,16993,58,724,168.0
6,2021-04-27 22:30:31,Arunachal Pradesh,17898,17023,58,817,123.0
7,2021-04-27 23:24:56,Arunachal Pradesh,17898,17021,58,819,0.0
8,2021-04-28 22:33:18,Arunachal Pradesh,18063,17025,58,980,165.0
9,2021-04-28 23:28:08,Arunachal Pradesh,18063,17038,58,967,0.0
10,2021-04-29 23:18:42,Arunachal Pradesh,18257,17085,59,1113,194.0
11,2021-04-30 22:26:59,Arunachal Pradesh,18420,17134,59,1227,163.0
12,2021-05-01 22:25:24,Arunachal Pradesh,18637,17190,59,1388,217.0
13,2021-05-03 11:14:14,Arunachal Pradesh,18739,17273,59,1407,102.0
14,2021-05-03 23:21:24,Arunachal Pradesh,18959,17363,59,1537,220.0
15,2021-05-04 23:52:11,Arunachal Pradesh,19193,17501,59,1633,234.0
16,2021-05-06 12:35:55,Arunachal Pradesh,19413,17577,59,1777,220.0
17,2021-05-07 10:34:01,Arunachal Pradesh,19635,17716,59,1860,222.0
18,2021-05-07 23:14:55,Arunachal Pradesh,19804,17848,60,1896,169.0
19,2021-05-08 23:52:33,Arunachal Pradesh,20048,17983,60,2005,244.0
20,2021-05-09 22:24:15,Arunachal Pradesh,20167,18159,60,1948,119.0
21,2021-05-09 23:13:29,Arunachal Pradesh,20167,18171,60,1936,0.0
22,2021-05-10 23:57:51,Arunachal Pradesh,20372,18350,64,1958,205.0
23,2021-05-12 10:41:56,Arunachal Pradesh,20575,18583,68,1924,203.0
24,2021-05-13 10:16:31,Arunachal Pradesh,20854,18691,69,2094,279.0
25,2021-05-14 10:49:49,Arunachal Pradesh,21110,18871,72,2167,256.0
26,2021-05-14 23:22:44,Arunachal Pradesh,21373,19094,77,2202,263.0
27,2021-05-15 23:20:22,Arunachal Pradesh,21622,19293,78,2251,249.0
28,2021-05-16 23:22:59,Arunachal Pradesh,21802,19461,78,2263,180.0
29,2021-05-18 00:07:39,Arunachal Pradesh,22106,19675,85,2346,304.0
30,2021-05-19 00:09:52,Arunachal Pradesh,22462,19977,88,2397,356.0
31,2021-05-19 12:50:45,Arunachal Pradesh,22462,19977,87,2398,0.0
32,2021-05-23 14:43:28,Arunachal Pradesh,23867,20836,95,2936,1405.0
33,2021-05-24 12:43:58,Arunachal Pradesh,24093,21096,98,2899,226.0
34,2021-05-25 11:02:20,Arunachal Pradesh,24573,21344,102,3127,480.0
35,2021-05-26 10:00:30,Arunachal Pradesh,25002,21575,104,3323,429.0
36,2021-05-26 23:32:45,Arunachal Pradesh,25376,21765,107,3504,374.0
37,2021-05-28 09:39:26,Arunachal Pradesh,25820,22019,109,3692,444.0
38,2021-05-29 10:40:33,Arunachal Pradesh,26317,22352,111,3854,497.0
39,2021-05-30 10:24:53,Arunachal Pradesh,26778,22746,114,3918,461.0
40,2021-05-30 21:48:07,Arunachal Pradesh,26950,22746,114,4090,172.0
41,2021-05-30 23:12:05,Arunachal Pradesh,26950,23052,115,3783,0.0
42,2021-06-01 00:14:06,Arunachal Pradesh,27272,23402,115,3755,322.0
43,2021-06-02 10:00:56,Arunachal Pradesh,27642,23754,116,3772,370.0
44,2021-06-03 12:49:33,Arunachal Pradesh,28018,24083,118,3817,376.0
45,2021-06-03 22:56:22,Arunachal Pradesh,28382,24420,119,3843,364.0
46,2021-06-05 11:23:22,Arunachal Pradesh,28786,24835,122,3829,404.0
47,2021-06-05 23:41:26,Arunachal Pradesh,29113,25237,123,3753,327.0
48,2021-06-06 22:50:45,Arunachal Pradesh,29336,25618,125,3593,223.0
49,2021-06-08 08:37:52,Arunachal Pradesh,29696,26131,125,3440,360.0
50,2021-06-08 22:49:51,Arunachal Pradesh,30000,26569,126,3305,304.0
51,2021-06-10 08:38:39,Arunachal Pradesh,30247,26848,128,3271,247.0
52,2021-06-11 09:11:31,Arunachal Pradesh,30492,27150,133,3209,245.0
53,2021-06-11 22:14:49,Arunachal Pradesh,30850,27438,138,3274,358.0
54,2021-06-12 22:48:04,Arunachal Pradesh,31148,27818,143,3187,298.0
55,2021-06-13 22:29:40,Arunachal Pradesh,31282,28252,145,2885,134.0
56,2021-06-15 08:08:58,Arunachal Pradesh,31648,28608,151,2889,366.0
57,2021-06-16 08:35:43,Arunachal Pradesh,31938,28934,155,2849,290.0
58,2021-06-17 08:35:28,Arunachal Pradesh,32188,29223,155,2810,250.0
59,2021-06-18 08:09:22,Arunachal Pradesh,32483,29612,158,2713,295.0
60,2021-06-19 09:45:34,Arunachal Pradesh,32692,29934,159,2599,209.0
61,2021-06-19 23:42:15,Arunachal Pradesh,32923,30163,159,2601,231.0
62,2021-06-20 22:07:37,Arunachal Pradesh,33081,30407,159,2515,158.0
63,2021-06-20 22:45:12,Arunachal Pradesh,32923,30163,159,2601,-158.0
64,2021-06-20 23:01:22,Arunachal Pradesh,33081,30407,159,2515,158.0
65,2021-06-22 10:50:39,Arunachal Pradesh,33375,30677,159,2539,294.0
66,2021-06-22 23:00:55,Arunachal Pradesh,33664,30956,160,2548,289.0
67,2021-06-23 21:47:07,Arunachal Pradesh,33916,31189,160,2567,252.0
68,2021-06-25 08:59:41,Arunachal Pradesh,34214,31487,162,2565,298.0
69,2021-06-25 22:48:54,Arunachal Pradesh,34480,31792,165,2523,266.0
70,2021-06-26 22:00:34,Arunachal Pradesh,34767,32054,167,2546,287.0
71,2021-06-28 08:09:12,Arunachal Pradesh,34932,32270,167,2495,165.0
72,2021-06-28 22:42:56,Arunachal Pradesh,35227,32483,167,2577,295.0
73,2021-06-30 09:22:17,Arunachal Pradesh,35571,32483,167,2921,344.0
74,2021-06-30 09:31:34,Arunachal Pradesh,35571,32716,168,2687,0.0
75,2021-07-01 10:40:01,Arunachal Pradesh,35857,32923,172,2762,286.0
76,2021-07-02 16:24:19,Arunachal Pradesh,36168,33209,172,2787,311.0
77,2021-07-02 16:33:36,Arunachal Pradesh,36168,33209,176,2783,0.0
78,2021-07-03 10:16:47,Arunachal Pradesh,36572,33432,176,2964,404.0
79,2021-07-04 10:47:49,Arunachal Pradesh,36937,33704,176,3057,365.0
80,2021-07-05 08:13:50,Arunachal Pradesh,37105,33967,177,2961,168.0
81,2021-07-06 08:33:17,Arunachal Pradesh,37531,34234,179,3118,426.0
82,2021-07-06 23:54:40,Arunachal Pradesh,37879,34525,181,3173,348.0
83,2021-07-07 22:26:49,Arunachal Pradesh,38283,34736,184,3363,404.0
84,2021-07-08 11:37:33,Arunachal Pradesh,37879,34525,181,3173,-404.0
85,2021-07-08 11:50:51,Arunachal Pradesh,38283,34736,184,3363,404.0
86,2021-07-08 22:26:19,Arunachal Pradesh,38682,35037,185,3460,399.0
87,2021-07-10 00:14:16,Arunachal Pradesh,39085,35342,186,3557,403.0
88,2021-07-10 22:26:42,Arunachal Pradesh,39563,35635,188,3740,478.0
89,2021-07-10 22:34:46,Arunachal Pradesh,39563,35634,188,3741,0.0
90,2021-07-12 10:26:09,Arunachal Pradesh,39817,35910,189,3718,254.0
91,2021-07-12 22:19:36,Arunachal Pradesh,40383,35910,189,4284,566.0
92,2021-07-13 12:45:03,Arunachal Pradesh,40383,36274,191,3918,0.0
93,2021-07-14 08:48:47,Arunachal Pradesh,40814,36617,193,4004,431.0
94,2021-07-14 22:02:52,Arunachal Pradesh,41279,36617,193,4469,465.0
95,2021-07-14 22:12:11,Arunachal Pradesh,41279,36903,195,4181,0.0
96,2021-07-15 23:41:19,Arunachal Pradesh,41646,37272,197,4177,367.0
97,2021-07-17 09:42:37,Arunachal Pradesh,42089,37628,199,4262,443.0
98,2021-07-17 22:46:35,Arunachal Pradesh,42564,38040,201,4323,475.0
99,2021-07-18 23:09:29,Arunachal Pradesh,42822,38407,202,4213,258.0
100,2021-07-19 22:57:33,Arunachal Pradesh,43328,38865,203,4260,506.0
101,2021-07-21 10:36:19,Arunachal Pradesh,43804,39269,203,4332,476.0
102,2021-07-21 22:16:13,Arunachal Pradesh,44222,39269,203,4750,418.0
103,2021-07-21 22:24:12,Arunachal Pradesh,44222,39634,204,4384,0.0
104,2021-07-23 10:16:28,Arunachal Pradesh,44708,40102,208,4398,486.0
105,2021-07-24 09:06:05,Arunachal Pradesh,45188,40619,212,4357,480.0
106,2021-07-25 10:41:00,Arunachal Pradesh,45703,41025,213,4465,515.0
107,2021-07-26 08:40:31,Arunachal Pradesh,45867,41385,216,4266,164.0
108,2021-07-27 08:39:38,Arunachal Pradesh,46357,41820,218,4319,490.0
109,2021-07-27 23:45:19,Arunachal Pradesh,46800,42292,221,4287,443.0
110,2021-07-28 21:53:19,Arunachal Pradesh,47142,42617,224,4301,342.0
111,2021-07-30 08:41:34,Arunachal Pradesh,47477,43000,225,4252,335.0
112,2021-07-30 22:18:45,Arunachal Pradesh,47856,43488,226,4142,379.0
113,2021-08-01 14:12:10,Arunachal Pradesh,48122,43939,229,3954,266.0
114,2021-08-02 08:39:39,Arunachal Pradesh,48260,44354,231,3675,138.0
115,2021-08-03 09:08:38,Arunachal Pradesh,48565,44823,234,3508,305.0
116,2021-08-04 00:25:08,Arunachal Pradesh,48884,45298,234,3352,319.0
117,2021-08-04 22:23:48,Arunachal Pradesh,49199,45627,236,3336,315.0
118,2021-08-04 22:32:10,Arunachal Pradesh,49203,45630,236,3337,4.0
119,2021-08-05 22:39:42,Arunachal Pradesh,49441,45979,236,3226,238.0
120,2021-08-06 22:15:08,Arunachal Pradesh,49668,46399,237,3032,227.0
121,2021-08-07 21:55:38,Arunachal Pradesh,49916,46802,240,2874,248.0
122,2021-08-07 22:04:03,Arunachal Pradesh,49916,46803,240,2873,0.0
123,2021-08-09 08:56:48,Arunachal Pradesh,50070,47148,242,2680,154.0
124,2021-08-10 08:31:25,Arunachal Pradesh,50372,47520,246,2606,302.0
125,2021-08-11 08:14:12,Arunachal Pradesh,50605,47821,248,2536,233.0
126,2021-08-12 08:30:40,Arunachal Pradesh,50793,48054,251,2488,188.0
127,2021-08-12 22:07:53,Arunachal Pradesh,50973,48327,251,2395,180.0
128,2021-08-14 16:15:38,Arunachal Pradesh,51139,48598,252,2289,166.0
129,2021-08-14 22:21:13,Arunachal Pradesh,51300,48921,252,2127,161.0
130,2021-08-15 21:27:48,Arunachal Pradesh,51348,49176,252,1920,48.0
131,2021-08-16 22:15:33,Arunachal Pradesh,51513,49425,252,1836,165.0
132,2021-08-18 10:25:29,Arunachal Pradesh,51655,49640,252,1763,142.0
133,2021-08-18 23:15:04,Arunachal Pradesh,51799,49860,254,1685,144.0
134,2021-08-19 21:27:30,Arunachal Pradesh,51919,50100,255,1564,120.0
135,2021-08-20 22:11:01,Arunachal Pradesh,52044,50317,257,1470,125.0
136,2021-08-22 14:00:23,Arunachal Pradesh,52165,50526,257,1382,121.0
137,2021-08-23 12:26:02,Arunachal Pradesh,52214,50695,259,1260,49.0
138,2021-08-24 09:39:33,Arunachal Pradesh,52308,50887,259,1162,94.0
139,2021-08-24 22:11:34,Arunachal Pradesh,52409,51023,259,1127,101.0
140,2021-08-25 22:51:32,Arunachal Pradesh,52525,51104,259,1162,116.0
141,2021-08-26 22:12:39,Arunachal Pradesh,52634,51224,260,1150,109.0
142,2021-08-27 22:50:09,Arunachal Pradesh,52760,51388,260,1112,126.0
143,2021-08-28 21:27:21,Arunachal Pradesh,52831,51508,260,1063,71.0
144,2021-08-29 21:21:19,Arunachal Pradesh,52870,51644,260,966,39.0
145,2021-08-30 22:50:27,Arunachal Pradesh,52960,51800,260,900,90.0
146,2021-08-31 22:10:37,Arunachal Pradesh,53031,51908,260,863,71.0
147,2021-09-02 10:44:38,Arunachal Pradesh,53102,51969,260,873,71.0
148,2021-09-03 10:30:59,Arunachal Pradesh,53156,52066,261,829,54.0
149,2021-09-04 16:24:31,Arunachal Pradesh,53217,52162,262,793,61.0
150,2021-09-05 11:22:47,Arunachal Pradesh,53302,52276,264,762,85.0
151,2021-09-06 14:57:03,Arunachal Pradesh,53338,52383,264,691,36.0
152,2021-09-07 11:49:47,Arunachal Pradesh,53408,52507,267,634,70.0
153,2021-09-07 21:35:25,Arunachal Pradesh,53474,52595,268,611,66.0
154,2021-09-09 13:20:04,Arunachal Pradesh,53551,52665,269,617,77.0
155,2021-09-10 13:59:58,Arunachal Pradesh,53604,52729,269,606,53.0
156,2021-09-10 22:14:57,Arunachal Pradesh,53663,52811,269,583,59.0
157,2021-09-12 23:44:17,Arunachal Pradesh,53732,52936,270,526,69.0
158,2021-09-13 21:37:02,Arunachal Pradesh,53807,53004,270,533,75.0
159,2021-09-13 23:01:22,Arunachal Pradesh,53732,52936,270,526,-75.0
160,2021-09-14 08:48:20,Arunachal Pradesh,53807,53004,270,533,75.0
161,2021-09-14 21:24:09,Arunachal Pradesh,53872,53073,271,528,65.0
162,2021-09-15 21:23:33,Arunachal Pradesh,53943,53127,271,545,71.0
163,2021-09-16 22:35:47,Arunachal Pradesh,53990,53183,271,536,47.0
164,2021-09-17 22:13:27,Arunachal Pradesh,54028,53252,271,505,38.0
165,2021-09-18 22:46:00,Arunachal Pradesh,54060,53328,271,461,32.0
166,2021-09-19 23:20:14,Arunachal Pradesh,54070,53377,271,422,10.0
167,2021-09-21 09:33:12,Arunachal Pradesh,54126,53444,272,410,56.0
168,2021-09-21 21:45:36,Arunachal Pradesh,54190,53505,273,412,64.0
169,2021-09-22 21:29:39,Arunachal Pradesh,54241,53526,273,442,51.0
170,2021-09-24 08:21:16,Arunachal Pradesh,54285,53584,273,428,44.0
