,Time,State,Confirmed,Recovered,Deaths,Active,New Cases
0,2021-04-22 22:45:49,Karnataka,1247997,1037857,13885,196236,
1,2021-04-23 20:15:42,Karnataka,1274959,1046554,14075,214311,26962.0
2,2021-04-24 20:33:13,Karnataka,1304397,1055612,14283,234483,29438.0
3,2021-04-25 20:10:49,Karnataka,1339201,1062594,14426,262162,34804.0
4,2021-04-26 22:21:24,Karnataka,1368945,1073257,14627,281042,29744.0
5,2021-04-27 20:13:15,Karnataka,1400775,1084050,14807,301899,31830.0
6,2021-04-28 19:33:32,Karnataka,1439822,1095883,15036,328884,39047.0
7,2021-04-29 18:58:16,Karnataka,1474846,1110025,15306,349496,35024.0
8,2021-04-30 19:42:33,Karnataka,1523142,1124909,15523,382690,48296.0
9,2021-05-01 20:09:03,Karnataka,1564132,1143250,15794,405068,40990.0
10,2021-05-02 20:10:20,Karnataka,1601865,1164398,16011,421436,37733.0
11,2021-05-03 20:10:39,Karnataka,1646303,1185299,16250,444734,44438.0
12,2021-05-04 20:36:37,Karnataka,1690934,1210013,16538,464363,44631.0
13,2021-05-05 22:16:09,Karnataka,1741046,1236854,16884,487288,50112.0
14,2021-05-06 21:41:14,Karnataka,1790104,1255797,17212,517075,49058.0
15,2021-05-07 20:31:56,Karnataka,1838885,1284420,17804,536641,48781.0
16,2021-05-08 22:22:46,Karnataka,1886448,1319301,18286,548841,47563.0
17,2021-05-09 20:08:26,Karnataka,1934378,1351097,18776,564485,47930.0
18,2021-05-10 19:44:03,Karnataka,1973683,1383285,19372,571006,39305.0
19,2021-05-12 10:40:24,Karnataka,2013193,1405869,19852,587452,39510.0
20,2021-05-12 20:45:37,Karnataka,2053191,1440621,20368,592182,39998.0
21,2021-05-13 22:30:16,Karnataka,2088488,1474678,20712,593078,35297.0
22,2021-05-14 19:40:14,Karnataka,2130267,1510557,21085,598605,41779.0
23,2021-05-15 19:44:42,Karnataka,2171931,1544982,21434,605494,41664.0
24,2021-05-16 20:47:24,Karnataka,2203462,1581457,21837,600147,31531.0
25,2021-05-17 20:35:03,Karnataka,2242065,1616092,22313,603639,38603.0
26,2021-05-18 19:50:36,Karnataka,2272374,1674487,22838,575028,30309.0
27,2021-05-19 20:42:44,Karnataka,2306655,1724438,23306,558890,34281.0
28,2021-05-23 14:39:15,Karnataka,2398925,1891042,24658,483204,92270.0
29,2021-05-23 20:40:40,Karnataka,2424904,1926615,25282,472986,25979.0
30,2021-05-24 21:15:40,Karnataka,2450215,1983948,25811,440435,25311.0
31,2021-05-25 19:57:28,Karnataka,2472973,2022172,26399,424381,22758.0
32,2021-05-26 21:45:09,Karnataka,2499784,2062910,26929,409924,26811.0
33,2021-05-27 20:48:55,Karnataka,2523998,2094369,27405,402203,24214.0
34,2021-05-28 21:23:26,Karnataka,2546821,2146621,27806,372373,22823.0
35,2021-05-29 20:56:08,Karnataka,2567449,2189064,28298,350066,20628.0
36,2021-05-30 20:15:58,Karnataka,2587827,2217117,28679,342010,20378.0
37,2021-05-31 20:53:38,Karnataka,2604431,2261590,29090,313730,16604.0
38,2021-06-01 19:38:22,Karnataka,2618735,2290861,29554,298299,14304.0
39,2021-06-03 12:48:25,Karnataka,2635122,2312060,30017,293024,16387.0
40,2021-06-03 21:00:20,Karnataka,2653446,2336096,30531,286798,18324.0
41,2021-06-04 21:19:03,Karnataka,2669514,2358412,30895,280186,16068.0
42,2021-06-05 20:40:42,Karnataka,2683314,2383758,31260,268275,13800.0
43,2021-06-06 20:51:51,Karnataka,2695523,2409417,31580,254505,12209.0
44,2021-06-07 20:39:11,Karnataka,2707481,2436716,31920,238824,11958.0
45,2021-06-08 20:37:51,Karnataka,2717289,2460165,32099,225004,9808.0
46,2021-06-09 20:42:02,Karnataka,2728248,2480411,32291,215525,10959.0
47,2021-06-10 20:34:23,Karnataka,2739290,2496132,32485,210652,11042.0
48,2021-06-11 20:55:18,Karnataka,2747539,2511105,32644,203769,8249.0
49,2021-06-12 19:51:18,Karnataka,2757324,2532719,32788,191796,9785.0
50,2021-06-13 22:20:39,Karnataka,2765134,2551365,32913,180835,7810.0
51,2021-06-14 19:43:13,Karnataka,2771969,2566774,33033,172141,6835.0
52,2021-06-15 20:21:32,Karnataka,2777010,2581559,33148,162282,5041.0
53,2021-06-16 20:37:12,Karnataka,2784355,2599472,33296,151566,7345.0
54,2021-06-18 08:07:20,Karnataka,2790338,2610157,33434,146726,5983.0
55,2021-06-18 20:13:55,Karnataka,2796121,2625447,33602,137050,5783.0
56,2021-06-19 19:23:41,Karnataka,2801936,2637279,33763,130872,5815.0
57,2021-06-20 19:02:51,Karnataka,2806453,2645735,33883,126813,4517.0
58,2021-06-20 22:46:09,Karnataka,2801936,2637279,33763,130872,-4517.0
59,2021-06-20 23:02:18,Karnataka,2806453,2645735,33883,126813,4517.0
60,2021-06-21 20:00:37,Karnataka,2811320,2654139,34025,123134,4867.0
61,2021-06-22 19:45:29,Karnataka,2815029,2662250,34164,118592,3709.0
62,2021-06-23 19:35:44,Karnataka,2819465,2668705,34287,116450,4436.0
63,2021-06-24 21:18:07,Karnataka,2823444,2678473,34425,110523,3979.0
64,2021-06-25 20:22:04,Karnataka,2826754,2684997,34539,107195,3310.0
65,2021-06-26 20:06:51,Karnataka,2831026,2691123,34654,105226,4272.0
66,2021-06-27 19:19:51,Karnataka,2834630,2698822,34743,101042,3604.0
67,2021-06-28 19:41:52,Karnataka,2837206,2704755,34836,97592,2576.0
68,2021-06-29 19:21:46,Karnataka,2840428,2719479,34929,85997,3222.0
69,2021-06-30 19:29:57,Karnataka,2843810,2732242,35040,76505,3382.0
70,2021-07-01 20:30:27,Karnataka,2847013,2746544,35134,65312,3203.0
71,2021-07-02 22:57:07,Karnataka,2849997,2760881,35222,53871,2984.0
72,2021-07-03 20:31:36,Karnataka,2852079,2768632,35308,48116,2082.0
73,2021-07-04 23:33:10,Karnataka,2853643,2773407,35367,44846,1564.0
74,2021-07-05 20:22:15,Karnataka,2856491,2779038,35434,41996,2848.0
75,2021-07-06 19:48:32,Karnataka,2859595,2784030,35526,40016,3104.0
76,2021-07-07 20:13:51,Karnataka,2862338,2787111,35601,39603,2743.0
77,2021-07-08 11:35:32,Karnataka,2859595,2784030,35526,40016,-2743.0
78,2021-07-08 11:48:48,Karnataka,2862338,2787111,35601,39603,2743.0
79,2021-07-08 20:13:12,Karnataka,2864868,2790453,35663,38729,2530.0
80,2021-07-09 21:08:55,Karnataka,2867158,2793498,35731,37906,2290.0
81,2021-07-10 20:01:07,Karnataka,2869320,2796377,35779,37141,2162.0
82,2021-07-11 20:16:01,Karnataka,2871298,2798703,35835,36737,1978.0
83,2021-07-12 19:58:06,Karnataka,2872684,2801907,35896,34858,1386.0
84,2021-07-13 19:33:21,Karnataka,2874597,2804396,35944,34234,1913.0
85,2021-07-14 18:49:48,Karnataka,2876587,2806933,35989,33642,1990.0
86,2021-07-15 19:34:16,Karnataka,2878564,2810121,36037,32383,1977.0
87,2021-07-16 21:08:21,Karnataka,2880370,2812869,36079,31399,1806.0
88,2021-07-17 19:32:16,Karnataka,2882239,2816013,36121,30082,1869.0
89,2021-07-18 18:44:00,Karnataka,2883947,2818476,36157,29291,1708.0
90,2021-07-19 19:31:19,Karnataka,2885238,2821491,36197,27527,1291.0
91,2021-07-20 19:41:20,Karnataka,2886702,2824197,36226,26256,1464.0
92,2021-07-21 19:32:46,Karnataka,2888341,2826411,36262,25645,1639.0
93,2021-07-22 19:22:14,Karnataka,2889994,2828983,36293,24695,1653.0
94,2021-07-23 20:33:11,Karnataka,2891699,2831226,36323,24127,1705.0
95,2021-07-24 21:30:47,Karnataka,2893556,2833276,36352,23905,1857.0
96,2021-07-25 17:14:33,Karnataka,2894557,2834741,36374,23419,1001.0
97,2021-07-26 19:49:40,Karnataka,2896163,2836678,36405,23057,1606.0
98,2021-07-27 19:23:32,Karnataka,2897664,2838717,36437,22487,1501.0
99,2021-07-28 18:54:43,Karnataka,2899195,2840147,36456,22569,1531.0
100,2021-07-29 20:33:43,Karnataka,2901247,2841479,36491,23253,2052.0
101,2021-07-30 19:16:30,Karnataka,2903137,2843110,36525,23478,1890.0
102,2021-07-31 21:40:25,Karnataka,2905124,2844742,36562,23796,1987.0
103,2021-08-01 19:28:03,Karnataka,2906999,2846244,36587,24144,1875.0
104,2021-08-02 19:36:59,Karnataka,2908284,2847627,36612,24021,1285.0
105,2021-08-03 19:20:36,Karnataka,2909958,2849003,36650,24280,1674.0
106,2021-08-04 19:24:24,Karnataka,2911727,2850717,36680,24305,1769.0
107,2021-08-05 19:33:44,Karnataka,2913512,2852368,36705,24414,1785.0
108,2021-08-06 19:46:51,Karnataka,2915317,2854222,36741,24328,1805.0
109,2021-08-07 19:34:29,Karnataka,2916927,2855862,36773,24266,1610.0
110,2021-08-08 18:36:01,Karnataka,2918525,2857776,36793,23930,1598.0
111,2021-08-09 19:18:40,Karnataka,2919711,2859552,36817,23316,1186.0
112,2021-08-10 19:48:21,Karnataka,2921049,2861499,36848,22676,1338.0
113,2021-08-11 19:43:36,Karnataka,2922875,2863117,36881,22851,1826.0
114,2021-08-12 20:49:56,Karnataka,2924732,2865067,36911,22728,1857.0
115,2021-08-14 16:14:04,Karnataka,2926401,2866739,36933,22703,1669.0
116,2021-08-14 20:02:03,Karnataka,2928033,2868351,36958,22698,1632.0
117,2021-08-15 20:43:37,Karnataka,2929464,2869962,36979,22497,1431.0
118,2021-08-16 20:32:24,Karnataka,2930529,2871448,37007,22048,1065.0
119,2021-08-17 21:25:32,Karnataka,2931827,2873281,37039,21481,1298.0
120,2021-08-18 20:19:20,Karnataka,2933192,2874839,37061,21266,1365.0
121,2021-08-19 20:01:59,Karnataka,2934624,2876377,37088,21133,1432.0
122,2021-08-20 20:34:09,Karnataka,2936077,2877785,37105,21161,1453.0
123,2021-08-21 19:19:27,Karnataka,2937427,2879433,37123,20845,1350.0
124,2021-08-22 19:20:44,Karnataka,2938616,2880889,37145,20556,1189.0
125,2021-08-23 19:33:48,Karnataka,2939767,2882331,37155,20255,1151.0
126,2021-08-24 19:19:42,Karnataka,2941026,2884032,37184,19784,1259.0
127,2021-08-25 20:03:21,Karnataka,2942250,2885700,37206,19318,1224.0
128,2021-08-26 19:19:43,Karnataka,2943463,2886906,37231,19300,1213.0
129,2021-08-27 18:51:20,Karnataka,2944764,2888520,37248,18970,1301.0
130,2021-08-28 21:26:02,Karnataka,2945993,2889809,37261,18897,1229.0
131,2021-08-29 19:18:03,Karnataka,2947255,2891193,37278,18758,1262.0
132,2021-08-30 19:32:55,Karnataka,2948228,2892517,37293,18392,973.0
133,2021-08-31 20:03:35,Karnataka,2949445,2893715,37318,18386,1217.0
134,2021-09-01 18:51:49,Karnataka,2950604,2894827,37339,18412,1159.0
135,2021-09-02 20:37:05,Karnataka,2951844,2896079,37361,18378,1240.0
136,2021-09-03 18:52:09,Karnataka,2953064,2897254,37380,18404,1220.0
137,2021-09-04 20:45:47,Karnataka,2954047,2898874,37401,17746,983.0
138,2021-09-05 21:10:24,Karnataka,2955164,2900228,37409,17501,1117.0
139,2021-09-06 20:13:47,Karnataka,2956137,2901299,37426,17386,973.0
140,2021-09-07 20:54:12,Karnataka,2956988,2902089,37441,17432,851.0
141,2021-09-08 21:17:25,Karnataka,2958090,2903547,37458,17058,1102.0
142,2021-09-09 19:56:34,Karnataka,2959164,2904683,37462,16992,1074.0
143,2021-09-10 22:13:38,Karnataka,2960131,2905604,37472,17028,967.0
144,2021-09-12 23:42:12,Karnataka,2961735,2907548,37504,16656,1604.0
145,2021-09-13 18:54:28,Karnataka,2962408,2908622,37517,16241,673.0
146,2021-09-13 23:01:56,Karnataka,2961735,2907548,37504,16656,-673.0
147,2021-09-14 08:47:13,Karnataka,2962408,2908622,37517,16241,673.0
148,2021-09-14 19:21:22,Karnataka,2962967,2909656,37529,15754,559.0
149,2021-09-15 20:03:00,Karnataka,2964083,2910626,37537,15892,1116.0
150,2021-09-16 19:31:59,Karnataka,2965191,2911434,37555,16174,1108.0
151,2021-09-17 20:10:46,Karnataka,2966194,2912633,37573,15960,1003.0
152,2021-09-18 23:40:45,Karnataka,2967083,2913713,37587,15755,889.0
153,2021-09-19 23:19:32,Karnataka,2967866,2914852,37603,15383,783.0
